"","Date","WORK.Open","WORK.High","WORK.Low","WORK.Close","WORK.Volume","WORK.Adjusted"
"1",2019-06-20,38.5,42,38.25,38.619999,137364200,38.619999
"2",2019-06-21,38.880001,40.25,36.599998,37.220001,42874100,37.220001
"3",2019-06-24,36.32,36.970001,35.349998,35.759998,16944500,35.759998
"4",2019-06-25,35.189999,36.139999,34.810001,35.200001,10116600,35.200001
"5",2019-06-26,36.209999,37.599998,35.849998,37.189999,19132500,37.189999
"6",2019-06-27,37.77,38.220001,36.200001,36.25,11298600,36.25
"7",2019-06-28,36.73,37.5,36.25,37.5,8709000,37.5
"8",2019-07-01,38.18,38.439999,35.939999,36.549999,9390100,36.549999
"9",2019-07-02,36.110001,36.990002,35.759998,36.549999,3190400,36.549999
"10",2019-07-03,36.279999,36.459999,35.799999,36,3170700,36
"11",2019-07-05,35.799999,36.099998,35.459999,35.52,3437700,35.52
"12",2019-07-08,35.150002,35.540001,34.950001,35,4238400,35
"13",2019-07-09,34.630001,35.66,34.459999,35.639999,4400100,35.639999
"14",2019-07-10,35.599998,36.439999,34.98,35.189999,4986500,35.189999
"15",2019-07-11,35.049999,35.5,34.900002,35,4449700,35
"16",2019-07-12,34.669998,34.990002,33.369999,33.73,14968000,33.73
"17",2019-07-15,34,35.209999,33.939999,34.75,8528400,34.75
"18",2019-07-16,34.57,35.150002,34.200001,34.400002,5821500,34.400002
"19",2019-07-17,34.779999,35,33.400002,33.459999,4468800,33.459999
"20",2019-07-18,33.400002,33.540001,31.93,32,6851600,32
"21",2019-07-19,32.049999,32.950001,31.219999,31.299999,5727700,31.299999
"22",2019-07-22,31.23,33.349998,31.18,33.25,3850800,33.25
"23",2019-07-23,33.599998,34.939999,33.450001,33.939999,7629400,33.939999
"24",2019-07-24,34.02,34.16,33.209999,34.099998,3780700,34.099998
"25",2019-07-25,34.169998,34.299999,33.529999,33.720001,3483000,33.720001
"26",2019-07-26,33.720001,34.209999,33.330002,34.09,4356700,34.09
"27",2019-07-29,34.099998,34.130001,32.5,33.009998,5056400,33.009998
"28",2019-07-30,32.59,32.799999,32.134998,32.580002,2808400,32.580002
"29",2019-07-31,32.82,34,32.799999,33.419998,3539600,33.419998
"30",2019-08-01,33.299999,33.330002,31.93,32,5374400,32
"31",2019-08-02,31.799999,31.85,30.77,30.870001,5259900,30.870001
"32",2019-08-05,29.379999,31.43,29.1,31.389999,5923100,31.389999
"33",2019-08-06,31.48,32.23,30.73,30.84,3940300,30.84
"34",2019-08-07,30.190001,31.08,30.049999,30.77,2301200,30.77
"35",2019-08-08,30.92,31.67,30.625,31.530001,1728000,31.530001
"36",2019-08-09,31.23,31.450001,30.639999,30.780001,1712200,30.780001
"37",2019-08-12,30.459999,32.130001,30.235001,31.17,2813800,31.17
"38",2019-08-13,30.83,31.790001,30.75,31.25,2127900,31.25
"39",2019-08-14,30.52,30.813,29.92,30.76,3234400,30.76
"40",2019-08-15,30.08,30.75,30.01,30.16,2434800,30.16
"41",2019-08-16,30.32,30.355,29.91,30,2615000,30
"42",2019-08-19,30.57,31.5,30.299999,31.139999,2874600,31.139999
"43",2019-08-20,31.09,31.1,30.309999,30.5,2226900,30.5
"44",2019-08-21,30.639999,31.389999,30.440001,30.799999,2072000,30.799999
"45",2019-08-22,32.189999,32.48,30.194,30.549999,4959100,30.549999
"46",2019-08-23,30.52,30.639999,29.969999,30.049999,3977700,30.049999
"47",2019-08-26,30.34,31.139999,30.219999,30.969999,3689500,30.969999
"48",2019-08-27,31.209999,31.27,29.66,29.91,3269900,29.91
"49",2019-08-28,29.59,29.799999,28.5,29.799999,5233600,29.799999
"50",2019-08-29,30,30.190001,29.360001,29.98,3359500,29.98
"51",2019-08-30,29.940001,30.209999,28.25,28.639999,4668600,28.639999
"52",2019-09-03,28.389999,29.219999,27.91,28.76,6052000,28.76
"53",2019-09-04,29.24,31.280001,28.940001,31.07,13472700,31.07
"54",2019-09-05,26.469999,31.209999,26,30.01,43956900,30.01
"55",2019-09-06,29.75,29.98,27.299999,27.379999,15019200,27.379999
"56",2019-09-09,27.58,27.6,23.93,24.92,29281800,24.92
"57",2019-09-10,24.809999,26.860001,24.5,26.75,15140200,26.75
"58",2019-09-11,26.26,26.26,25.15,25.25,7759200,25.25
"59",2019-09-12,25.549999,25.9,25,25.620001,5540900,25.620001
"60",2019-09-13,25.620001,25.695999,24.360001,24.49,6592300,24.49
"61",2019-09-16,24.25,26.209999,24.200001,26.1,8264600,26.1
"62",2019-09-17,26,27.41,25.775999,26.219999,8047600,26.219999
"63",2019-09-18,26.26,26.75,24.940001,25.709999,5481600,25.709999
"64",2019-09-19,25.82,25.959999,24.99,25.719999,6447000,25.719999
"65",2019-09-20,25.85,26.1,25.049999,25.370001,9361200,25.370001
"66",2019-09-23,25.209999,25.245001,23.700001,24.16,13344700,24.16
"67",2019-09-24,23.9,24.41,23.02,23.200001,10589900,23.200001
"68",2019-09-25,23,23.24,21.43,22.73,13027600,22.73
"69",2019-09-26,22.41,22.940001,21.959999,22.629999,5559600,22.629999
"70",2019-09-27,22.51,22.754999,21.25,22.059999,6277000,22.059999
"71",2019-09-30,22.75,24.405001,22.26,23.73,12192500,23.73
"72",2019-10-01,24.07,24.07,22.610001,22.870001,8546700,22.870001
"73",2019-10-02,22.27,23.49,22.120001,23.43,6648800,23.43
"74",2019-10-03,23.34,25.42,22.530001,24.93,16875200,24.93
"75",2019-10-04,25.1,25.209999,24.23,24.969999,6648800,24.969999
"76",2019-10-07,24.620001,26.280001,24.57,26.049999,7737100,26.049999
"77",2019-10-08,25.83,26.396999,25.07,25.700001,8026200,25.700001
"78",2019-10-09,25.51,25.59,24.41,24.57,9762700,24.57
"79",2019-10-10,24.299999,24.84,23.27,23.82,11540000,23.82
"80",2019-10-11,24.5,26.360001,24.35,25.99,15066600,25.99
"81",2019-10-14,25.23,25.540001,24.52,24.620001,8207700,24.620001
"82",2019-10-15,24.59,24.98,24.26,24.74,5999200,24.74
"83",2019-10-16,23.09,23.799999,22.690001,23.639999,14567400,23.639999
"84",2019-10-17,23.17,24,22.93,24,6567900,24
"85",2019-10-18,23.5,23.6,21.440001,21.809999,20142900,21.809999
"86",2019-10-21,21.93,22.74,21.870001,22.58,8547500,22.58
"87",2019-10-22,22.52,22.58,20.91,21.030001,11267000,21.030001
"88",2019-10-23,20.73,21.48,20.67,20.84,7690000,20.84
"89",2019-10-24,20.950001,21.48,20.51,20.98,10296200,20.98
"90",2019-10-25,20.75,21.33,20.219999,20.459999,9652000,20.459999
"91",2019-10-28,20.51,21.639999,19.860001,21.469999,13072800,21.469999
"92",2019-10-29,21.65,22.780001,21.25,22.5,11290400,22.5
"93",2019-10-30,22.549999,23.27,22.01,23.25,9806300,23.25
"94",2019-10-31,22.959999,23.23,21.795,22,5699500,22
"95",2019-11-01,21.940001,22.18,21.48,21.940001,5758200,21.940001
"96",2019-11-04,21.92,22.26,21.610001,21.940001,6369200,21.940001
"97",2019-11-05,22,22.16,20.709999,20.75,7118700,20.75
"98",2019-11-06,20.780001,20.950001,20.094999,20.139999,8797100,20.139999
"99",2019-11-07,20,20.549999,19.83,20.34,7598700,20.34
"100",2019-11-08,19.690001,20.5,19.690001,20.5,9390500,20.5
"101",2019-11-11,20.16,20.35,19.915001,20.129999,4510200,20.129999
"102",2019-11-12,20.049999,20.799999,19.530001,20.700001,6743800,20.700001
"103",2019-11-13,20.6,21.379999,20.6,21.299999,5441800,21.299999
"104",2019-11-14,21.049999,21.719999,20.9,21.690001,7630800,21.690001
"105",2019-11-15,21.65,23.1,21.469999,22.860001,10510500,22.860001
"106",2019-11-18,22.639999,23.549999,22.43,23.110001,10133000,23.110001
"107",2019-11-19,22.35,22.35,20.639999,21.18,16123800,21.18
"108",2019-11-20,20.709999,21.860001,20.68,21.700001,6520500,21.700001
"109",2019-11-21,21.5,22.049999,20.940001,21,6814400,21
"110",2019-11-22,21.129999,21.389999,20.959999,21.17,4289900,21.17
"111",2019-11-25,21.34,22.615,21.25,22.5,7325600,22.5
"112",2019-11-26,22.33,22.85,21.860001,22.09,3857600,22.09
"113",2019-11-27,22.1,22.68,22.049999,22.620001,3768200,22.620001
"114",2019-11-29,22.59,23.35,22.52,22.82,3146000,22.82
"115",2019-12-02,22.83,22.83,20.92,22.51,9238400,22.51
"116",2019-12-03,21.76,22.68,21.450001,22.57,5765000,22.57
"117",2019-12-04,22.209999,22.65,21.51,21.66,14466800,21.66
"118",2019-12-05,22.200001,22.83,20.665001,22.780001,34188600,22.780001
"119",2019-12-06,22.459999,23.139999,22.110001,22.5,17866500,22.5
"120",2019-12-09,22.389999,23.07,22.290001,23,9296800,23
"121",2019-12-10,22.52,22.91,22.120001,22.25,10076400,22.25
"122",2019-12-11,21.75,21.950001,20.59,20.75,21980200,20.75
"123",2019-12-12,20.809999,20.969999,20.200001,20.9,10754700,20.9
"124",2019-12-13,20.92,21.448999,20.67,21.389999,8054700,21.389999
"125",2019-12-16,21.700001,21.93,21.34,21.41,9159500,21.41
"126",2019-12-17,21.530001,21.690001,20.58,20.709999,10502800,20.709999
"127",2019-12-18,20.51,21.475,20.15,21.129999,10768900,21.129999
"128",2019-12-19,21.059999,21.49,20.93,21.23,9005300,21.23
"129",2019-12-20,21.200001,21.52,20.889999,21.51,9835700,21.51
"130",2019-12-23,21.23,21.76,21.1,21.530001,6928200,21.530001
"131",2019-12-24,21.5,21.52,21.26,21.35,2890300,21.35
"132",2019-12-26,21.42,22.01,21.32,22,5450400,22
"133",2019-12-27,22.049999,22.08,21.610001,22,4877100,22
"134",2019-12-30,22.16,22.370001,21.629999,22.209999,8517000,22.209999
"135",2019-12-31,21.889999,22.5,21.889999,22.48,6060400,22.48
"136",2020-01-02,22.32,23.16,22.139999,23.02,11672300,23.02
"137",2020-01-03,22.5,22.92,22.379999,22.459999,6765400,22.459999
"138",2020-01-06,22.32,23.66,22.16,23.52,12528700,23.52
"139",2020-01-07,23.530001,23.950001,23.219999,23.83,9948100,23.83
"140",2020-01-08,23.610001,24.26,23.25,23.77,7522700,23.77
"141",2020-01-09,23.77,23.959999,22.5,23.17,11306800,23.17
"142",2020-01-10,23.35,23.440001,22.76,23.120001,5633800,23.120001
"143",2020-01-13,23.190001,23.51,22.82,23.200001,5829400,23.200001
"144",2020-01-14,22.940001,22.940001,21.91,22.280001,10466400,22.280001
"145",2020-01-15,22.4,23.23,22.215,22.33,7991900,22.33
"146",2020-01-16,22.549999,23.296,22.549999,22.969999,6955000,22.969999
"147",2020-01-17,23.190001,23.24,22.17,22.459999,9408700,22.459999
"148",2020-01-21,22.48,22.68,22.059999,22.309999,5275900,22.309999
"149",2020-01-22,22.5,22.75,22.129999,22.139999,3964000,22.139999
"150",2020-01-23,22.24,22.285999,21.209999,21.219999,8073000,21.219999
"151",2020-01-24,21.469999,21.796,20.559999,20.59,9070500,20.59
"152",2020-01-27,20.049999,20.5,19.799999,20.059999,9400400,20.059999
"153",2020-01-28,20.57,21.18,20.405001,20.98,8438200,20.98
"154",2020-01-29,21.219999,21.273001,20.48,20.799999,7142800,20.799999
"155",2020-01-30,20.620001,20.73,20.110001,20.639999,6295300,20.639999
"156",2020-01-31,20.51,20.780001,20.200001,20.73,5398800,20.73
"157",2020-02-03,20.780001,21.1,20.264999,20.98,6471900,20.98
"158",2020-02-04,21.549999,23.59,21.549999,23.25,20621100,23.25
"159",2020-02-05,23.360001,23.66,22.530001,23.309999,12429000,23.309999
"160",2020-02-06,23.4,23.48,22.540001,22.65,7972400,22.65
"161",2020-02-07,22.610001,23.07,22.5,22.99,4735000,22.99
"162",2020-02-10,23.120001,27.889999,23,26.540001,61006000,26.540001
"163",2020-02-11,24.549999,26.030001,24.33,25.98,22224000,25.98
"164",2020-02-12,26.049999,26.370001,24.870001,25.809999,9891700,25.809999
"165",2020-02-13,25.450001,26.66,25.259001,26.549999,9858900,26.549999
"166",2020-02-14,27,28.379999,26.620001,27.99,17914500,27.99
"167",2020-02-18,28.1,29.370001,27.32,27.58,14606500,27.58
"168",2020-02-19,27.84,28.34,27.41,27.5,7219000,27.5
"169",2020-02-20,27.57,28.075001,26.52,27.49,10114800,27.49
"170",2020-02-21,29.67,29.700001,27.700001,28.440001,18551000,28.440001
"171",2020-02-24,27.08,28.379999,26.34,27.92,11519500,27.92
"172",2020-02-25,28.059999,28.299999,26.219999,26.75,11124600,26.75
"173",2020-02-26,27.42,27.700001,26.15,26.610001,7564700,26.610001
"174",2020-02-27,25.58,27.08,25.09,26.219999,8718300,26.219999
"175",2020-02-28,25.25,27.040001,25.142,27.02,9927900,27.02
"176",2020-03-02,27.709999,27.709999,26.01,27.209999,9163800,27.209999
"177",2020-03-03,27.09,27.27,26.110001,26.92,8929900,26.92
"178",2020-03-04,27,27.809999,26.73,27.799999,7931800,27.799999
"179",2020-03-05,27.1,30.469999,27,28.389999,20713800,28.389999
"180",2020-03-06,28.780001,29.190001,25.25,26.42,17042100,26.42
"181",2020-03-09,24.33,25.049999,23.129999,24.889999,10489100,24.889999
"182",2020-03-10,26.040001,26.1,23.6,25.059999,11114400,25.059999
"183",2020-03-11,24.799999,25.280001,22.860001,23.620001,9381500,23.620001
"184",2020-03-12,21.74,24.48,20.76,21.35,22313100,21.35
"185",2020-03-13,21.02,21.02,15.9,19.59,49949500,19.59
"186",2020-03-16,16.030001,19.43,15.1,17.040001,22321400,17.040001
"187",2020-03-17,17.049999,21.370001,16.76,19.9,21975500,19.9
"188",2020-03-18,17.99,18.700001,16.030001,18.01,26186700,18.01
"189",2020-03-19,18.67,21.620001,17.85,21.01,42253700,21.01
"190",2020-03-20,22.75,23.299999,20.952,22.23,19419500,22.23
"191",2020-03-23,22.83,24.98,21.870001,24.75,18564100,24.75
"192",2020-03-24,26.1,27.325001,25.23,25.950001,18741800,25.950001
"193",2020-03-25,26,27.74,25.379999,25.879999,14644100,25.879999
"194",2020-03-26,27.5,29.969999,27.110001,28.48,25945700,28.48
"195",2020-03-27,27.75,29.540001,26.32,28.58,17938500,28.58
"196",2020-03-30,29.09,29.709999,27.85,28.209999,12831200,28.209999
"197",2020-03-31,28.360001,28.440001,26.52,26.84,11559500,26.84
"198",2020-04-01,26.15,27.370001,25.582001,25.75,8348000,25.75
"199",2020-04-02,25.48,26.25,23.559999,24.26,11099800,24.26
"200",2020-04-03,24.75,24.860001,23.809999,24.26,6540400,24.26
"201",2020-04-06,22.780001,25.48,22.6,24.309999,13454700,24.309999
"202",2020-04-07,24.33,24.700001,22.92,23.48,21658200,23.48
"203",2020-04-08,23.9,25.08,23.370001,24.9,10145100,24.9
"204",2020-04-09,24.790001,25.85,24.26,24.700001,9968900,24.700001
"205",2020-04-13,24.07,24.99,23.355,24.959999,10783800,24.959999
"206",2020-04-14,26,26.450001,25.26,25.32,10432600,25.32
"207",2020-04-15,25.17,28.09,24.58,28.030001,18216500,28.030001
"208",2020-04-16,27.76,30,27.389999,29.379999,32865900,29.379999
"209",2020-04-17,28.4,28.969999,27.059999,28.1,16279700,28.1
"210",2020-04-20,28.66,30.200001,28.360001,29.25,23160600,29.25
"211",2020-04-21,29.5,30.1,25.93,26.459999,20504500,26.459999
"212",2020-04-22,27.17,27.200001,26.120001,26.16,9656300,26.16
"213",2020-04-23,26.33,27.49,26.02,26.530001,14308600,26.530001
"214",2020-04-24,27,27.18,25.620001,26.059999,10946000,26.059999
"215",2020-04-27,26.379999,27.870001,26.379999,27.309999,12846500,27.309999
"216",2020-04-28,28.5,28.5,26.15,26.879999,13150300,26.879999
"217",2020-04-29,26.299999,27.33,25.02,27.07,12889700,27.07
"218",2020-04-30,27.02,27.629999,26.26,26.690001,10559600,26.690001
"219",2020-05-01,26.18,26.879999,25.32,26.379999,8070400,26.379999
"220",2020-05-04,26.549999,27.450001,26.16,27.200001,6978300,27.200001
"221",2020-05-05,27.65,27.879999,26.83,27.290001,6912300,27.290001
"222",2020-05-06,27.5,28.190001,27.33,27.629999,6964100,27.629999
"223",2020-05-07,28,30.07,27.9,29.950001,20940900,29.950001
"224",2020-05-08,30.940001,31.690001,30.18,31.16,24750900,31.16
"225",2020-05-11,31.040001,31.92,30.059999,31.26,19889000,31.26
"226",2020-05-12,31.799999,32.150002,30.389999,31.01,16481000,31.01
"227",2020-05-13,31.27,31.961,29.200001,30.200001,20129000,30.200001
"228",2020-05-14,29.9,31.73,29.709999,31.66,12443100,31.66
"229",2020-05-15,31.799999,32.849998,31.110001,31.33,14103800,31.33
"230",2020-05-18,31.280001,31.400999,28.719999,29,16959300,29
"231",2020-05-19,29.559999,30.440001,29.02,29.690001,10367300,29.690001
"232",2020-05-20,30.24,31.379,30.07,31.35,8869400,31.35
"233",2020-05-21,31.5,32.080002,30.67,31.639999,9152000,31.639999
"234",2020-05-22,32.009998,32.080002,31.07,31.709999,12007100,31.709999
"235",2020-05-26,32.040001,33.285999,31.610001,32.41,15961500,32.41
"236",2020-05-27,32.299999,32.400002,30.42,32.110001,14407600,32.110001
"237",2020-05-28,32.220001,33.73,31.93,32.540001,11724000,32.540001
"238",2020-05-29,33.740002,35.110001,33.27,35.049999,33704300,35.049999
"239",2020-06-01,35.580002,37.34,35.23,37.18,18397000,37.18
"240",2020-06-02,38.77,38.900002,36.18,38.380001,37203800,38.380001
"241",2020-06-03,38.439999,39.990002,38,39.900002,26184600,39.900002
"242",2020-06-04,40,40.07,37.669998,37.939999,55102700,37.939999
"243",2020-06-05,31.77,33.599998,30.52,32.560001,91772500,32.560001
"244",2020-06-08,32.220001,32.290001,30.549999,32.009998,37757600,32.009998
"245",2020-06-09,31.799999,32,30.85,31.32,17851600,31.32
"246",2020-06-10,31.82,32.599998,31.33,32.470001,20476200,32.470001
"247",2020-06-11,31.690001,32.75,29.68,30.34,27085800,30.34
"248",2020-06-12,31.1,31.23,29.540001,30.860001,18785700,30.860001
"249",2020-06-15,30,31.15,29.66,30.870001,17141400,30.870001
"250",2020-06-16,31.110001,32.605,30.66,32.360001,20961400,32.360001
"251",2020-06-17,32.580002,33.34,32.209999,32.400002,19369800,32.400002
"252",2020-06-18,32,34.669998,31.889999,34.220001,27456100,34.220001
"253",2020-06-19,32.560001,34.09,32.049999,33.130001,41767000,33.130001
"254",2020-06-22,33.25,34.209999,33.150002,34.209999,19928400,34.209999
"255",2020-06-23,34.34,34.349998,33.110001,34.040001,20378000,34.040001
"256",2020-06-24,33.900002,34.275002,31.67,31.969999,27224600,31.969999
"257",2020-06-25,32.32,33.080002,31.164,32.82,24371800,32.82
"258",2020-06-26,32.740002,33.560001,31.76,32.529999,38308100,32.529999
"259",2020-06-29,32.16,32.529999,30.15,30.870001,20315700,30.870001
"260",2020-06-30,30.969999,31.459999,30.700001,31.09,12488500,31.09
"261",2020-07-01,30.799999,31.27,30.58,31.059999,11380000,31.059999
"262",2020-07-02,31.139999,31.360001,30.09,30.309999,16953200,30.309999
"263",2020-07-06,30.540001,31.67,30.18,31.120001,13610700,31.120001
"264",2020-07-07,31.209999,31.77,30.655001,31.48,10799400,31.48
"265",2020-07-08,31.76,34.25,31.57,34.240002,24960300,34.240002
"266",2020-07-09,33.57,34.09,31.9,34.02,27169400,34.02
"267",2020-07-10,34.18,34.259998,33.169998,33.84,11995200,33.84
