"","GSPC.Open","GSPC.High","GSPC.Low","GSPC.Close","GSPC.Volume","GSPC.Adjusted","daily.returns","tr","atr","trueHigh","ATRstop"
"1",2683.72998,2695.889893,2682.360107,2695.810059,3367250000,2695.810059,0.00450122742974313,NA,NA,NA,NA
"2",2697.850098,2714.370117,2697.77002,2713.060059,3538660000,2713.060059,0.00639881876781745,18.560058,NA,2714.370117,2695.810059
"3",2719.310059,2729.290039,2719.070068,2723.98999,3695260000,2723.98999,0.00402863584377444,16.2299800000001,NA,2729.290039,2713.060059
"4",2731.330078,2743.449951,2727.919922,2743.149902,3236620000,2743.149902,0.00703376740382233,19.459961,NA,2743.449951,2723.98999
"5",2742.669922,2748.51001,2737.600098,2747.709961,3242650000,2747.709961,0.00166234407994814,10.9099120000001,NA,2748.51001,2737.600098
"6",2751.149902,2759.139893,2747.860107,2751.290039,3453480000,2751.290039,0.00130293155056904,11.429932,15.3179686,2759.139893,2747.709961
"7",2745.550049,2750.800049,2736.060059,2748.22998,3576350000,2748.22998,-0.00111222697593605,15.2299800000001,15.30037088,2751.290039,2736.060059
"8",2752.969971,2767.560059,2752.780029,2767.560059,3641320000,2767.560059,0.00703364679836582,19.3300789999998,16.106312504,2767.560059,2748.22998
"9",2770.179932,2787.850098,2769.639893,2786.23999,3573970000,2786.23999,0.00674960275541392,20.290039,16.9430578032,2787.850098,2767.560059
"10",2798.959961,2807.540039,2768.639893,2776.419922,4325970000,2776.419922,-0.00352448749398648,38.9001459999999,21.33447544256,2807.540039,2768.639893
"11",2784.98999,2807.040039,2778.379883,2802.560059,3778050000,2802.560059,0.00941505166162671,30.6201169999999,23.191603754048,2807.040039,2776.419922
"12",2802.399902,2805.830078,2792.560059,2798.030029,3681470000,2798.030029,-0.00161638998081504,13.270019,21.2072868032384,2805.830078,2792.560059
"13",2802.600098,2810.330078,2798.080078,2810.300049,3639430000,2810.300049,0.00438523528083268,12.3000489999999,19.4258392425907,2810.330078,2798.030029
"14",2809.159912,2833.030029,2808.120117,2832.969971,3471780000,2832.969971,0.00806672654333362,24.9099120000001,20.5226537940726,2833.030029,2808.120117
"15",2835.050049,2842.23999,2830.590088,2839.129883,3519650000,2839.129883,0.00217436544088234,11.6499020000001,18.7481034352581,2842.23999,2830.590088
"16",2845.419922,2852.969971,2824.810059,2837.540039,4014070000,2837.540039,-0.000559975790300982,28.1599120000001,20.6304651482065,2852.969971,2824.810059
"17",2846.23999,2848.560059,2830.939941,2839.25,3835150000,2839.25,0.000602620923933372,17.6201179999998,20.0283957185652,2848.560059,2830.939941
"18",2847.47998,2872.870117,2846.179932,2872.870117,3443230000,2872.870117,0.0118411964427225,33.6201169999999,22.7467399748521,2872.870117,2839.25
"19",2867.22998,2870.620117,2851.47998,2853.530029,3573830000,2853.530029,-0.00673197437139827,21.3901369999999,22.4754193798817,2872.870117,2851.47998
"20",2832.73999,2837.75,2818.27002,2822.429932,3990650000,2822.429932,-0.0108988153914396,35.2600090000001,25.0323373039054,2853.530029,2818.27002
"21",2832.409912,2839.26001,2813.040039,2823.810059,4261280000,2823.810059,0.000488985389629049,26.219971,25.2698640431243,2839.26001,2813.040039
"22",2816.449951,2835.959961,2812.699951,2821.97998,3938450000,2821.97998,-0.000648088561823412,23.26001,24.8678932344994,2835.959961,2812.699951
"23",2808.919922,2808.919922,2759.969971,2762.129883,4301130000,2762.129883,-0.0212085476949415,62.0100090000001,32.2963163875996,2821.97998,2759.969971
"24",2741.060059,2763.389893,2638.169922,2648.939941,5283460000,2648.939941,-0.0409792250164074,125.219971,50.8810473100796,2763.389893,2638.169922
"25",2614.780029,2701.040039,2593.070068,2695.139893,5891660000,2695.139893,0.0174409209076136,107.969971,62.2988320480637,2701.040039,2593.070068
"26",2690.949951,2727.669922,2681.330078,2681.659912,4626570000,2681.659912,-0.00500158861327049,46.3398440000001,59.107034438451,2727.669922,2681.330078
"27",2685.01001,2685.27002,2580.560059,2581,5305440000,2581,-0.0375364197188327,104.709961,68.2276197507608,2685.27002,2580.560059
"28",2601.780029,2638.669922,2532.689941,2619.550049,5680070000,2619.550049,0.0149360902750872,105.979981,75.7780920006086,2638.669922,2532.689941
"29",2636.75,2672.610107,2622.449951,2656,4055790000,2656,0.0139145846875171,53.060058,71.2344852004869,2672.610107,2619.550049
"30",2646.27002,2668.840088,2637.080078,2662.939941,3472870000,2662.939941,0.00261292959337345,31.76001,63.3395901603895,2668.840088,2637.080078
"31",2651.209961,2702.100098,2648.870117,2698.629883,4003740000,2698.629883,0.0134024584822583,53.229981,61.3176683283116,2702.100098,2648.870117
"32",2713.459961,2731.51001,2689.820068,2731.199951,3684910000,2731.199951,0.0120691126282915,41.689942,57.3921230626493,2731.51001,2689.820068
"33",2727.139893,2754.419922,2725.110107,2732.219971,3637460000,2732.219971,0.000373469543900162,29.3098150000001,51.7756614501195,2754.419922,2725.110107
"34",2722.98999,2737.600098,2706.76001,2716.26001,3627610000,2716.26001,-0.00584138948159385,30.8400879999999,47.5885467600955,2737.600098,2706.76001
"35",2720.530029,2747.75,2701.290039,2701.330078,3779400000,2701.330078,-0.00549650326001005,46.459961,47.3628296080764,2747.75,2701.290039
"36",2710.419922,2731.26001,2697.77002,2703.959961,3701270000,2703.959961,0.000973551148531593,33.48999,44.5882616864612,2731.26001,2697.77002
"37",2715.800049,2747.76001,2713.73999,2747.300049,3189190000,2747.300049,0.0160283763905926,43.8000489999999,44.4306191491689,2747.76001,2703.959961
"38",2757.370117,2780.639893,2753.780029,2779.600098,3424650000,2779.600098,0.0117570154056368,33.3398440000001,42.2124641193352,2780.639893,2747.300049
"39",2780.449951,2789.149902,2744.219971,2744.280029,3745080000,2744.280029,-0.0127068886727316,44.9299310000001,42.7559574954682,2789.149902,2744.219971
"40",2753.780029,2761.52002,2713.540039,2713.830078,4230660000,2713.830078,-0.0110957885777772,47.979981,43.8007621963745,2761.52002,2713.540039
"41",2715.219971,2730.889893,2659.649902,2677.669922,4503970000,2677.669922,-0.0133243994504803,71.2399909999999,49.2886079570996,2730.889893,2659.649902
"42",2658.889893,2696.25,2647.320068,2691.25,3882450000,2691.25,0.0050716026977129,48.929932,49.2168727656797,2696.25,2647.320068
"43",2681.060059,2728.090088,2675.75,2720.939941,3710810000,2720.939941,0.0110320263817929,52.3400879999999,49.8415158125437,2728.090088,2675.75
"44",2730.179932,2732.080078,2711.26001,2728.120117,3370690000,2728.120117,0.00263885868695835,20.820068,44.037226250035,2732.080078,2711.26001
"45",2710.179932,2730.600098,2701.73999,2726.800049,3393270000,2726.800049,-0.000483874588869448,28.8601079999999,41.001802600028,2730.600098,2701.73999
"46",2732.75,2740.449951,2722.649902,2738.969971,3212320000,2738.969971,0.00446307825337722,17.8000489999999,36.3614518800224,2740.449951,2722.649902
"47",2752.909912,2786.570068,2751.540039,2786.570068,3364100000,2786.570068,0.0173788312774459,47.600097,38.6091809040179,2786.570068,2738.969971
"48",2790.540039,2796.97998,2779.26001,2783.02002,3185020000,2783.02002,-0.00127398483202257,17.7199700000001,34.4313387232143,2796.97998,2779.26001
"49",2792.310059,2801.899902,2758.679932,2765.310059,3301650000,2765.310059,-0.00636357657247466,43.2199700000001,36.1890649785715,2801.899902,2758.679932
"50",2774.060059,2777.110107,2744.379883,2749.47998,3391360000,2749.47998,-0.00572452226414144,32.7302239999999,35.4972967828572,2777.110107,2744.379883
"51",2754.27002,2763.030029,2741.469971,2747.330078,3500330000,2747.330078,-0.000781930407072862,21.560058,32.7098490262858,2763.030029,2741.469971
"52",2750.570068,2761.850098,2749.969971,2752.01001,5372340000,2752.01001,0.00170344729869765,14.5200199999999,29.0718832210286,2761.850098,2747.330078
"53",2741.379883,2741.379883,2694.590088,2712.919922,3302130000,2712.919922,-0.0142041954273269,57.419922,34.7414909768229,2752.01001,2694.590088
"54",2715.050049,2724.219971,2710.050049,2716.939941,3261030000,2716.939941,0.00148180525617447,14.169922,30.6271771814583,2724.219971,2710.050049
"55",2714.98999,2739.139893,2709.790039,2711.929932,3415510000,2711.929932,-0.00184398960182985,29.3498540000001,30.3717125451667,2739.139893,2709.790039
"56",2691.360107,2695.679932,2641.590088,2643.689941,3739800000,2643.689941,-0.0251628886848393,70.3398440000001,38.3653388361333,2711.929932,2641.590088
"57",2646.709961,2657.669922,2585.889893,2588.26001,3815080000,2588.26001,-0.0209668804727657,71.780029,45.0482768689067,2657.669922,2585.889893
"58",2619.350098,2661.360107,2601.810059,2658.550049,3511100000,2658.550049,0.0271572557349058,73.100097,50.6586408951254,2661.360107,2588.26001
"59",2667.570068,2674.780029,2596.120117,2612.620117,3706350000,2612.620117,-0.017276308947908,78.6599120000001,56.2588951161003,2674.780029,2596.120117
"60",2611.300049,2632.649902,2593.060059,2605,3864500000,2605,-0.00291665709469846,39.5898430000002,52.9250846928803,2632.649902,2593.060059
"61",2614.409912,2659.070068,2609.719971,2640.870117,3565990000,2640.870117,0.0137697186180421,54.070068,53.1540813543042,2659.070068,2605
"62",2633.449951,2638.300049,2553.800049,2581.879883,3598520000,2581.879883,-0.0223374234197523,87.070068,59.9372786834434,2640.870117,2553.800049
"63",2592.169922,2619.139893,2575.48999,2614.449951,3392810000,2614.449951,0.0126148657086849,43.649903,56.6798035467547,2619.139893,2575.48999
"64",2584.040039,2649.860107,2573.610107,2644.689941,3350340000,2644.689941,0.011566482650943,76.25,60.5938428374038,2649.860107,2573.610107
"65",2657.360107,2672.080078,2649.580078,2662.840088,3178970000,2662.840088,0.00686286385357415,27.3901369999999,53.953101669923,2672.080078,2644.689941
"66",2645.820068,2656.879883,2586.27002,2604.469971,3299700000,2604.469971,-0.0219202487085285,76.570068,58.4764949359384,2662.840088,2586.27002
"67",2617.179932,2653.550049,2610.790039,2613.159912,3062960000,2613.159912,0.00333654873995859,49.080078,56.5972115487507,2653.550049,2604.469971
"68",2638.409912,2665.449951,2635.780029,2656.870117,3543930000,2656.870117,0.0167269537540646,52.290039,55.7357770390006,2665.449951,2613.159912
"69",2643.889893,2661.429932,2639.25,2642.189941,3020760000,2642.189941,-0.00552536456564767,22.179932,49.0246080312005,2661.429932,2639.25
"70",2653.830078,2674.719971,2653.830078,2663.98999,3021320000,2663.98999,0.00825075013030641,32.5300299999999,45.7256924249604,2674.719971,2642.189941
"71",2676.899902,2680.26001,2645.050049,2656.300049,2960910000,2656.300049,-0.00288662533600592,35.209961,43.6225461399683,2680.26001,2645.050049
"72",2670.100098,2686.48999,2665.159912,2677.840088,3019700000,2677.840088,0.00810903836263122,30.1899410000001,40.9360251119746,2686.48999,2656.300049
"73",2692.73999,2713.340088,2692.050049,2706.389893,3234360000,2706.389893,0.010661504817983,35.5,39.8488200895797,2713.340088,2677.840088
"74",2710.110107,2717.48999,2703.629883,2708.639893,3383410000,2708.639893,0.000831365800552097,13.860107,34.6510774716638,2717.48999,2703.629883
"75",2701.159912,2702.840088,2681.899902,2693.129883,3349370000,2693.129883,-0.00572612477578982,26.7399909999999,33.068860177331,2708.639893,2681.899902
"76",2692.560059,2693.939941,2660.610107,2670.139893,3388590000,2670.139893,-0.00853653221299167,33.3298340000001,33.1210549418648,2693.939941,2660.610107
"77",2675.399902,2682.860107,2657.98999,2670.290039,3017480000,2670.290039,5.62315107135447e-05,24.8701169999999,31.4708673534918,2682.860107,2657.98999
"78",2680.800049,2683.550049,2617.320068,2634.560059,3706740000,2634.560059,-0.0133805614664169,66.229981,38.4226900827935,2683.550049,2617.320068
"79",2634.919922,2645.300049,2612.669922,2639.399902,3499440000,2639.399902,0.00183705927806299,32.6301269999999,37.2641774662348,2645.300049,2612.669922
"80",2651.649902,2676.47998,2647.159912,2666.939941,3665720000,2666.939941,0.0104342047520467,37.080078,37.2273575729878,2676.47998,2639.399902
"81",2675.469971,2677.350098,2659.01001,2669.909912,3219030000,2669.909912,0.0011136250030761,18.3400879999999,33.4499036583902,2677.350098,2659.01001
"82",2682.51001,2682.870117,2648.040039,2648.050049,3734530000,2648.050049,-0.00818749085942949,34.830078,33.7259385267122,2682.870117,2648.040039
"83",2642.959961,2655.27002,2625.409912,2654.800049,3559850000,2654.800049,0.00254904547689683,29.8601079999999,32.9527724213697,2655.27002,2625.409912
"84",2654.23999,2660.870117,2631.699951,2635.669922,4010770000,2635.669922,-0.00720586358554787,29.1701659999999,32.1962511370957,2660.870117,2631.699951
"85",2628.080078,2637.139893,2594.620117,2629.72998,3851470000,2629.72998,-0.00225367446447644,42.5197760000001,34.2609561096766,2637.139893,2594.620117
"86",2621.449951,2670.929932,2615.320068,2663.419922,3327220000,2663.419922,0.0128111791918653,55.609864,38.5307376877413,2670.929932,2615.320068
"87",2680.340088,2683.350098,2664.699951,2672.629883,3237960000,2672.629883,0.00345794552482137,19.9301759999998,34.810625350193,2683.350098,2663.419922
"88",2670.26001,2676.340088,2655.199951,2671.919922,3717570000,2671.919922,-0.000265641346194556,21.1401369999999,32.0765276801544,2676.340088,2655.199951
"89",2678.120117,2701.27002,2674.139893,2697.790039,3909500000,2697.790039,0.00968222018444154,29.3500979999999,31.5312417441235,2701.27002,2671.919922
"90",2705.02002,2726.110107,2704.540039,2723.070068,3333050000,2723.070068,0.00937064361367823,28.320068,30.8890069952988,2726.110107,2697.790039
"91",2722.699951,2732.860107,2717.449951,2727.719971,2862700000,2727.719971,0.00170759579587876,15.4101559999999,27.793236796239,2732.860107,2717.449951
"92",2738.469971,2742.100098,2725.469971,2730.129883,2972660000,2730.129883,0.0008834895171137,16.6301269999999,25.5606148369912,2742.100098,2725.469971
"93",2718.590088,2718.590088,2701.909912,2711.449951,3290680000,2711.449951,-0.00684214041109044,28.219971,26.092486069593,2730.129883,2701.909912
"94",2712.620117,2727.76001,2712.169922,2722.459961,3202670000,2722.459961,0.0040605617654641,16.3100589999999,24.1360006556744,2727.76001,2711.449951
"95",2719.709961,2731.959961,2711.360107,2720.129883,3475400000,2720.129883,-0.000855872274846625,20.5998540000001,23.4287713245395,2731.959961,2711.360107
"96",2717.350098,2719.5,2709.179932,2712.969971,3368690000,2712.969971,-0.0026321948980258,10.9499510000001,20.9330072596316,2720.129883,2709.179932
"97",2735.389893,2739.189941,2725.699951,2733.01001,3019890000,2733.01001,0.00738675297338931,26.2199700000001,21.9903998077053,2739.189941,2712.969971
"98",2738.340088,2742.23999,2721.879883,2724.439941,3366310000,2724.439941,-0.0031357620237914,20.360107,21.6643412461642,2742.23999,2721.879883
"99",2713.97998,2733.330078,2709.540039,2733.290039,3326290000,2733.290039,0.00324841001881349,23.790039,22.0894807969314,2733.330078,2709.540039
"100",2730.939941,2731.969971,2707.379883,2727.76001,3256030000,2727.76001,-0.00202321338792977,25.9101559999999,22.8536158375451,2733.290039,2707.379883
"101",2723.600098,2727.360107,2714.98999,2721.330078,2995260000,2721.330078,-0.00235722056794874,12.7700199999999,20.8368966700361,2727.76001,2714.98999
"102",2705.110107,2710.669922,2676.810059,2689.860107,3736890000,2689.860107,-0.0115641874002761,44.520019,25.5735211360289,2721.330078,2676.810059
"103",2702.429932,2729.340088,2702.429932,2724.01001,3561050000,2724.01001,0.0126957914692774,39.479981,28.3548131088231,2729.340088,2689.860107
"104",2720.97998,2722.5,2700.679932,2705.27002,4235370000,2705.27002,-0.00687955988825462,23.330078,27.3498660870585,2724.01001,2700.679932
"105",2718.699951,2736.929932,2718.699951,2734.620117,3684130000,2734.620117,0.010849230126019,31.6599120000001,28.2118752696468,2736.929932,2705.27002
"106",2741.669922,2749.159912,2740.540039,2746.870117,3376510000,2746.870117,0.00447959843630441,14.5397950000001,25.4774592157175,2749.159912,2734.620117
"107",2748.459961,2752.610107,2739.51001,2748.800049,3517790000,2748.800049,0.000702593103349081,13.100097,23.001986772574,2752.610107,2739.51001
"108",2753.25,2772.389893,2748.459961,2772.350098,3651640000,2772.350098,0.00856739252772032,23.929932,23.1875758180592,2772.389893,2748.459961
"109",2774.840088,2779.899902,2760.159912,2770.370117,3711330000,2770.370117,-0.000714188659443948,19.73999,22.4980586544473,2779.899902,2760.159912
"110",2765.840088,2779.389893,2763.590088,2779.030029,3123210000,2779.030029,0.00312590435005777,15.7998050000001,21.1584079235579,2779.389893,2763.590088
"111",2780.179932,2790.209961,2780.169922,2782,3232330000,2782,0.00106870777537749,11.179932,19.1627127388463,2790.209961,2779.030029
"112",2785.600098,2789.800049,2778.780029,2786.850098,3401010000,2786.850098,0.00174338533429186,11.0200199999999,17.534174191077,2789.800049,2778.780029
"113",2787.939941,2791.469971,2774.649902,2775.629883,3779230000,2775.629883,-0.0040261279241578,16.8200689999999,17.3913531528616,2791.469971,2774.649902
"114",2783.209961,2789.060059,2776.52002,2782.48999,3526890000,2782.48999,0.00247154962627261,13.4301759999998,16.5991177222893,2789.060059,2775.629883
"115",2777.780029,2782.810059,2761.72998,2779.659912,5428790000,2779.659912,-0.00101710267069099,21.0800789999998,17.4953099778314,2782.810059,2761.72998
"116",2765.790039,2774.98999,2757.120117,2773.75,3287150000,2773.75,-0.00212612772321052,22.5397950000001,18.5042069822651,2779.659912,2757.120117
"117",2752.01001,2765.050049,2743.189941,2762.590088,3661470000,2762.590088,-0.00402340225326725,30.5600589999999,20.9153773858121,2773.75,2743.189941
"118",2769.72998,2774.860107,2763.909912,2767.320068,3327600000,2767.320068,0.00171215411962344,12.270019,19.1863057086497,2774.860107,2762.590088
"119",2769.280029,2769.280029,2744.389893,2749.76001,3300060000,2749.76001,-0.00634551030184627,24.890136,20.3270717669197,2769.280029,2744.389893
"120",2760.790039,2764.169922,2752.679932,2754.879883,5450550000,2754.879883,0.00186193448933025,14.4099120000001,19.1436398135358,2764.169922,2749.76001
"121",2742.939941,2742.939941,2698.669922,2717.070068,3655080000,2717.070068,-0.0137246691709935,56.209961,26.5569040508287,2754.879883,2698.669922
"122",2722.120117,2732.909912,2715.600098,2723.060059,3555090000,2723.060059,0.00220457730205292,17.3098140000002,24.707486040663,2732.909912,2715.600098
"123",2728.449951,2746.090088,2699.379883,2699.629883,3776090000,2699.629883,-0.00860435520787017,46.7102049999999,29.1080298325303,2746.090088,2699.379883
"124",2698.689941,2724.340088,2691.98999,2716.310059,3428140000,2716.310059,0.0061786899400682,32.3500979999999,29.7564434660243,2724.340088,2691.98999
"125",2727.129883,2743.26001,2718.030029,2718.370117,3565620000,2718.370117,0.00075840311129971,26.9499510000001,29.1951449728194,2743.26001,2716.310059
"126",2704.949951,2727.26001,2698.949951,2726.709961,3073650000,2726.709961,0.00306795750433131,28.3100589999999,29.0181277782555,2727.26001,2698.949951
"127",2733.27002,2736.580078,2711.159912,2713.219971,1911470000,2713.219971,-0.00494735054074202,25.4201659999999,28.2985354226044,2736.580078,2711.159912
"128",2724.189941,2737.830078,2716.02002,2736.610107,2953420000,2736.610107,0.00862080341808014,24.610107,27.5608497380835,2737.830078,2713.219971
"129",2737.679932,2764.409912,2733.52002,2759.820068,2554780000,2759.820068,0.00848128161941331,30.8898920000001,28.2266581904668,2764.409912,2733.52002
"130",2775.620117,2784.649902,2770.72998,2784.169922,3050040000,2784.169922,0.00882298606432186,24.8298340000001,27.5472933523735,2784.649902,2759.820068
"131",2788.560059,2795.580078,2786.23999,2793.840088,3063850000,2793.840088,0.00347326717510588,11.4101559999999,24.3198658818988,2795.580078,2784.169922
"132",2779.820068,2785.909912,2770.77002,2774.02002,2964740000,2774.02002,-0.00709420273734718,23.070068,24.069906305519,2793.840088,2770.77002
"133",2783.139893,2799.219971,2781.530029,2798.290039,2821690000,2798.290039,0.00874904248167607,25.1999510000001,24.2959152444152,2799.219971,2774.02002
"134",2796.929932,2804.530029,2791.689941,2801.310059,2.614e+09,2801.310059,0.00107923766225437,12.8400879999999,22.0047497955322,2804.530029,2791.689941
"135",2797.360107,2801.189941,2793.389893,2798.429932,2812230000,2798.429932,-0.00102813574339855,7.92016599999988,19.1878330364257,2801.310059,2793.389893
"136",2789.340088,2814.189941,2789.23999,2809.550049,3050730000,2809.550049,0.0039736985631984,24.9499510000001,20.3402566291406,2814.189941,2789.23999
"137",2811.350098,2816.76001,2805.889893,2815.620117,3089780000,2815.620117,0.00216051249991445,10.8701169999999,18.4462287033125,2816.76001,2805.889893
"138",2809.370117,2812.050049,2799.77002,2804.48999,3266700000,2804.48999,-0.00395299313739061,15.850097,17.92700236265,2815.620117,2799.77002
"139",2804.550049,2809.699951,2800.01001,2801.830078,3230210000,2801.830078,-0.000948447671228814,9.68994100000009,16.27959009012,2809.699951,2800.01001
"140",2799.169922,2808.610107,2795.139893,2806.97998,2907430000,2806.97998,0.00183804936653265,13.4702139999999,15.717714872096,2808.610107,2795.139893
"141",2820.679932,2829.98999,2811.120117,2820.399902,3417530000,2820.399902,0.00478091119125112,23.01001,17.1761738976768,2829.98999,2806.97998
"142",2817.72998,2848.030029,2817.72998,2846.070068,3553010000,2846.070068,0.0091016050531687,30.3000489999999,19.8009489181414,2848.030029,2817.72998
"143",2835.48999,2845.570068,2835.26001,2837.439941,3653330000,2837.439941,-0.00303229604113875,10.810058,18.0027707345131,2846.070068,2835.26001
"144",2842.350098,2843.169922,2808.340088,2818.820068,3415710000,2818.820068,-0.00656220867654311,34.8298340000001,21.3681833876105,2843.169922,2808.340088
"145",2819,2821.73999,2798.110107,2802.600098,3245770000,2802.600098,-0.00575417004587608,23.6298830000001,21.8205233100884,2821.73999,2798.110107
"146",2809.72998,2824.459961,2808.060059,2816.290039,3892100000,2816.290039,0.00488472865242873,21.8598630000001,21.8283912480708,2824.459961,2802.600098
"147",2821.169922,2825.830078,2805.850098,2813.360107,3496990000,2813.360107,-0.0010403516539228,19.9799800000001,21.4587089984566,2825.830078,2805.850098
"148",2800.47998,2829.909912,2796.340088,2827.219971,3467380000,2827.219971,0.00492644505959783,33.5698240000002,23.8809319987653,2829.909912,2796.340088
"149",2829.620117,2840.379883,2827.370117,2840.350098,3030390000,2840.350098,0.00464418302596936,13.1599120000001,21.7367279990123,2840.379883,2827.219971
"150",2840.290039,2853.290039,2835.97998,2850.399902,2874540000,2850.399902,0.00353822720906005,17.3100589999999,20.8513941992098,2853.290039,2835.97998
"151",2855.919922,2863.429932,2855.919922,2858.449951,3162770000,2858.449951,0.00282418231713777,13.0300299999999,19.2871213593678,2863.429932,2850.399902
"152",2856.790039,2862.439941,2853.090088,2857.699951,2972200000,2857.699951,-0.000262379965665471,9.34985300000017,17.2996676874943,2862.439941,2853.090088
"153",2857.189941,2862.47998,2851.97998,2853.580078,3047050000,2853.580078,-0.00144167444820731,10.5,15.9397341499954,2862.47998,2851.97998
"154",2838.899902,2842.199951,2825.810059,2833.280029,3256040000,2833.280029,-0.00711388797409451,27.770019,18.3057911199964,2853.580078,2825.810059
"155",2835.459961,2843.399902,2819.879883,2821.929932,3158450000,2821.929932,-0.0040059919541402,23.520019,19.3486366959971,2843.399902,2819.879883
"156",2827.879883,2843.110107,2826.580078,2839.959961,2976970000,2839.959961,0.00638925467126028,21.180175,19.7149443567977,2843.110107,2821.929932
"157",2827.949951,2827.949951,2802.48999,2818.370117,3645070000,2818.370117,-0.0076021649236202,37.469971,23.2659496854381,2839.959961,2802.48999
"158",2831.439941,2850.48999,2831.439941,2840.689941,3219880000,2840.689941,0.00791940840749428,32.1198730000001,25.0367343483505,2850.48999,2818.370117
"159",2838.320068,2855.629883,2833.72998,2850.129883,3024100000,2850.129883,0.00332311593171508,21.899903,24.4093680786804,2855.629883,2833.72998
"160",2853.929932,2859.76001,2850.620117,2857.050049,2748020000,2857.050049,0.00242801776904145,9.6301269999999,21.4535198629443,2859.76001,2850.129883
"161",2861.51001,2873.22998,2861.320068,2862.959961,3147140000,2862.959961,0.00206853639195748,16.1799310000001,20.3988020903555,2873.22998,2857.050049
"162",2860.98999,2867.540039,2856.050049,2861.820068,2689560000,2861.820068,-0.000398151918129419,11.48999,18.6170396722844,2867.540039,2856.050049
"163",2860.290039,2868.780029,2854.030029,2856.97998,2713910000,2856.97998,-0.00169126216358617,14.75,17.8436317378275,2868.780029,2854.030029
"164",2862.350098,2876.159912,2862.350098,2874.689941,2596190000,2874.689941,0.00619883972725632,19.179932,18.110891790262,2876.159912,2856.97998
"165",2884.689941,2898.25,2884.689941,2896.73999,2854080000,2896.73999,0.00767040948852027,23.5600589999999,19.2007252322096,2898.25,2874.689941
"166",2901.449951,2903.77002,2893.5,2897.52002,2683190000,2897.52002,0.000269278569251297,10.2700199999999,17.4145841857677,2903.77002,2893.5
"167",2900.620117,2916.5,2898.399902,2914.040039,2791860000,2914.040039,0.00570143394557121,18.9799800000001,17.7276633486141,2916.5,2897.52002
"168",2908.939941,2912.459961,2895.219971,2901.129883,2802180000,2901.129883,-0.0044303289684483,18.820068,17.9461442788913,2914.040039,2895.219971
"169",2898.370117,2906.320068,2891.72998,2901.52002,2880260000,2901.52002,0.000134477605530758,14.5900879999999,17.274933023113,2906.320068,2891.72998
"170",2896.959961,2900.179932,2885.129883,2896.719971,3077060000,2896.719971,-0.00165432220591744,16.3901369999999,17.0979738184904,2901.52002,2885.129883
"171",2891.590088,2894.209961,2876.919922,2888.600098,3241250000,2888.600098,-0.00280312666784877,19.8000489999999,17.6383888547923,2896.719971,2876.919922
"172",2888.639893,2892.050049,2867.290039,2878.050049,3139590000,2878.050049,-0.00365230514507864,24.76001,19.0627130838338,2892.050049,2867.290039
"173",2868.26001,2883.810059,2864.120117,2871.679932,2946270000,2871.679932,-0.00221334476174706,19.689942,19.1881588670671,2883.810059,2864.120117
"174",2881.389893,2886.929932,2875.939941,2877.129883,2731400000,2877.129883,0.00189782675265082,15.25,18.4005270936537,2886.929932,2871.679932
"175",2871.570068,2892.52002,2866.780029,2887.889893,2899660000,2887.889893,0.00373984159129459,25.7399909999999,19.8684198749229,2892.52002,2866.780029
"176",2888.290039,2894.649902,2879.199951,2888.919922,3264930000,2888.919922,0.000356671839358169,15.4499510000001,18.9847260999383,2894.649902,2879.199951
"177",2896.850098,2906.76001,2896.389893,2904.179932,3254930000,2904.179932,0.00528225441065033,17.8400879999999,18.7557984799507,2906.76001,2888.919922
"178",2906.379883,2908.300049,2895.77002,2904.97998,3149800000,2904.97998,0.000275481553737356,12.530029,17.5106445839605,2908.300049,2895.77002
"179",2903.830078,2904.649902,2886.159912,2888.800049,2947760000,2888.800049,-0.00556972203298978,18.820068,17.7725292671684,2904.97998,2886.159912
"180",2890.73999,2911.169922,2890.429932,2904.310059,3074610000,2904.310059,0.00536901472477092,22.3698730000001,18.6919980137348,2911.169922,2888.800049
"181",2906.600098,2912.360107,2903.820068,2907.949951,3280020000,2907.949951,0.0012532725246468,8.54003899999998,16.6616062109878,2912.360107,2903.820068
"182",2919.72998,2934.800049,2919.72998,2930.75,3337730000,2930.75,0.00784059195797338,26.8500979999999,18.6993045687902,2934.800049,2907.949951
"183",2936.76001,2940.909912,2927.110107,2929.669922,5607610000,2929.669922,-0.000368532969376445,13.7998050000001,17.7194046550322,2940.909912,2927.110107
"184",2921.830078,2923.790039,2912.629883,2919.370117,3372210000,2919.370117,-0.0035156878673106,17.040039,17.5835315240258,2929.669922,2912.629883
"185",2921.75,2923.949951,2913.699951,2915.560059,3285480000,2915.560059,-0.00130509591018058,10.25,16.1168252192206,2923.949951,2913.699951
"186",2916.97998,2931.149902,2903.280029,2905.969971,3388620000,2905.969971,-0.003289278151001,27.8698730000001,18.4674347753765,2931.149902,2903.280029
"187",2911.649902,2927.219971,2909.27002,2914,3060850000,2914,0.0027632869851153,21.25,19.0239478203012,2927.219971,2905.969971
"188",2910.030029,2920.530029,2907.5,2913.97998,3432300000,2913.97998,-6.87028140011758e-06,13.030029,17.825164056241,2920.530029,2907.5
"189",2926.290039,2937.060059,2917.909912,2924.590088,3364190000,2924.590088,0.00364110531740858,23.0800789999998,18.8761470449927,2937.060059,2913.97998
"190",2923.800049,2931.419922,2919.370117,2923.429932,3401880000,2923.429932,-0.000396690122407284,12.0498050000001,17.5108786359942,2931.419922,2919.370117
"191",2931.689941,2939.860107,2921.360107,2925.51001,3598710000,2925.51001,0.000711519704040597,18.5,17.7087029087954,2939.860107,2921.360107
"192",2919.350098,2919.780029,2883.919922,2901.610107,3496860000,2901.610107,-0.0081694825580173,41.5900879999999,22.4849799270363,2925.51001,2883.919922
"193",2902.540039,2909.639893,2869.290039,2885.570068,3328980000,2885.570068,-0.00552797874576749,40.3498540000001,26.057954741629,2909.639893,2869.290039
"194",2877.530029,2889.449951,2862.080078,2884.429932,3330320000,2884.429932,-0.000395116380171756,27.3698730000001,26.3203383933033,2889.449951,2862.080078
"195",2882.51001,2894.830078,2874.27002,2880.340088,3520500000,2880.340088,-0.00141790374403872,20.560058,25.1682823146426,2894.830078,2874.27002
"196",2873.899902,2874.02002,2784.860107,2785.679932,4501250000,2785.679932,-0.0328642289132351,95.479981,39.2306220517141,2880.340088,2784.860107
"197",2776.870117,2795.139893,2710.51001,2728.370117,4890630000,2728.370117,-0.0205730078110065,84.6298830000001,48.3104742413713,2795.139893,2710.51001
"198",2770.540039,2775.77002,2729.439941,2767.129883,3966040000,2767.129883,0.0142061979635735,47.399903,48.128359993097,2775.77002,2728.370117
"199",2763.830078,2775.98999,2749.030029,2750.790039,3300140000,2750.790039,-0.00590497905442922,26.959961,43.8946801944776,2775.98999,2749.030029
"200",2767.050049,2813.459961,2766.909912,2809.919922,3428340000,2809.919922,0.0214956002318141,62.669922,47.6497285555821,2813.459961,2750.790039
"201",2811.669922,2816.939941,2781.810059,2809.209961,3321710000,2809.209961,-0.000252662360390232,35.1298820000002,45.1457592444657,2816.939941,2781.810059
"202",2802,2806.040039,2755.179932,2768.780029,3616440000,2768.780029,-0.0143919224840026,54.030029,46.9226131955726,2809.209961,2755.179932
"203",2775.659912,2797.77002,2760.27002,2767.780029,3566490000,2767.780029,-0.000361169897762248,37.5,45.0380905564581,2797.77002,2760.27002
"204",2773.939941,2778.939941,2749.219971,2755.879883,3307140000,2755.879883,-0.0042995273740376,29.7199700000001,41.9744664451665,2778.939941,2749.219971
"205",2721.030029,2753.590088,2691.429932,2740.689941,4348580000,2740.689941,-0.00551183021208623,64.4499510000001,46.4695633561332,2755.879883,2691.429932
"206",2737.870117,2742.590088,2651.889893,2656.100098,4709310000,2656.100098,-0.0308644337086652,90.7001949999999,55.3156896849065,2742.590088,2651.889893
"207",2674.879883,2722.699951,2667.840088,2705.570068,4634770000,2705.570068,0.0186250397856806,66.5998530000002,57.5725223479253,2722.699951,2656.100098
"208",2667.860107,2692.379883,2628.159912,2658.689941,4803150000,2658.689941,-0.0173272640596052,77.4101559999999,61.5400490783402,2705.570068,2628.159912
"209",2682.649902,2706.850098,2603.540039,2641.25,4673700000,2641.25,-0.00655959942190198,103.310059,69.8940510626721,2706.850098,2603.540039
"210",2640.679932,2685.429932,2635.340088,2682.629883,5106380000,2682.629883,0.0156667801230479,50.0898440000001,65.9332096501377,2685.429932,2635.340088
"211",2705.600098,2736.689941,2705.600098,2711.73999,5112420000,2711.73999,0.0108513318160186,54.060058,63.5585793201102,2736.689941,2682.629883
"212",2717.580078,2741.669922,2708.850098,2740.370117,4708420000,2740.370117,0.0105578437112623,32.8198240000002,57.4108282560882,2741.669922,2708.850098
"213",2745.449951,2756.550049,2700.439941,2723.060059,4237930000,2723.060059,-0.00631668616316328,56.1101079999999,57.1506842048705,2756.550049,2700.439941
"214",2726.370117,2744.27002,2717.939941,2738.310059,3623320000,2738.310059,0.00560031716876641,26.3300789999998,50.9865631638964,2744.27002,2717.939941
"215",2738.399902,2756.820068,2737.080078,2755.449951,3510860000,2755.449951,0.00625929556211746,19.73999,44.7372485311171,2756.820068,2737.080078
"216",2774.129883,2815.149902,2774.129883,2813.889893,3914750000,2813.889893,0.0212088562809101,59.6999510000001,47.7297890248937,2815.149902,2755.449951
"217",2806.379883,2814.75,2794.98999,2806.830078,3630490000,2806.830078,-0.00250891657756847,19.76001,42.135833219915,2814.75,2794.98999
"218",2794.100098,2794.100098,2764.23999,2781.01001,4019090000,2781.01001,-0.00919901357847708,42.5900879999999,42.226684175932,2806.830078,2764.23999
"219",2773.929932,2775.98999,2722,2726.219971,3670930000,2726.219971,-0.0197014893161064,59.01001,45.5833493407456,2781.01001,2722
"220",2730.050049,2754.600098,2714.97998,2722.179932,4091440000,2722.179932,-0.00148191967008371,39.6201179999998,44.3907030725964,2754.600098,2714.97998
"221",2737.899902,2746.800049,2685.75,2701.580078,4402370000,2701.580078,-0.00756741086724022,61.0500489999999,47.7225722580771,2746.800049,2685.75
"222",2693.52002,2735.379883,2670.75,2730.199951,4179140000,2730.199951,0.0105937533494056,64.6298830000001,51.1040344064617,2735.379883,2670.75
"223",2718.540039,2746.75,2712.159912,2736.27002,3975180000,2736.27002,0.00222330565853857,34.5900879999999,47.8012451251694,2746.75,2712.159912
"224",2730.73999,2733.159912,2681.090088,2690.72998,3772900000,2690.72998,-0.0166431089282628,55.179932,49.2769825001355,2736.27002,2681.090088
"225",2654.600098,2669.439941,2631.52002,2641.889893,4357900000,2641.889893,-0.0181512405046307,59.2099600000001,51.2635780001084,2690.72998,2631.52002
"226",2657.73999,2670.72998,2649.820068,2649.929932,3233550000,2649.929932,0.00304329072203302,28.840087,46.7788798000867,2670.72998,2641.889893
"227",2633.360107,2647.550049,2631.090088,2632.560059,1651650000,2632.560059,-0.00655484237158321,18.8398440000001,41.1910726400694,2649.929932,2631.090088
"228",2649.969971,2674.350098,2649.969971,2673.449951,3443950000,2673.449951,0.01553236814492,41.790039,41.3108659120555,2674.350098,2632.560059
"229",2663.75,2682.530029,2655.889893,2682.169922,3485220000,2682.169922,0.0032616922552593,26.640136,38.3767199296444,2682.530029,2655.889893
"230",2691.449951,2744,2684.379883,2743.790039,3951670000,2743.790039,0.0229739795732449,61.830078,43.0673915437155,2744,2682.169922
"231",2736.969971,2753.75,2722.939941,2737.800049,3560770000,2737.800049,-0.00218310800566324,30.8100589999999,40.6159250349724,2753.75,2722.939941
"232",2737.76001,2760.879883,2732.76001,2760.169922,4658580000,2760.169922,0.00817074753438285,28.1198730000001,38.1167146279779,2760.879883,2732.76001
"233",2790.5,2800.179932,2773.379883,2790.370117,4186060000,2790.370117,0.0109414260184812,40.01001,38.4953737023824,2800.179932,2760.169922
"234",2782.429932,2785.929932,2697.179932,2700.060059,4499840000,2700.060059,-0.0323649029387881,93.1901849999999,49.4343359619059,2790.370117,2697.179932
"235",2663.51001,2696.149902,2621.530029,2695.949951,5141470000,2695.949951,-0.00152222836166171,78.5300299999999,55.2534747695247,2700.060059,2621.530029
"236",2691.26001,2708.540039,2623.139893,2633.080078,4216690000,2633.080078,-0.0233201187494894,85.4001459999999,61.2828090156197,2708.540039,2623.139893
"237",2630.860107,2647.51001,2583.22998,2637.719971,4151030000,2637.719971,0.00176215415503966,64.2800299999999,61.8822532124958,2647.51001,2583.22998
"238",2664.439941,2674.350098,2621.300049,2636.780029,3905870000,2636.780029,-0.000356346393981966,53.0500489999999,60.1158123699966,2674.350098,2621.300049
"239",2658.22998,2685.439941,2650.26001,2651.070068,3958890000,2651.070068,0.00541950365325672,48.6599120000001,57.8246322959973,2685.439941,2636.780029
"240",2658.699951,2670.189941,2637.27002,2650.540039,3927720000,2650.540039,-0.000199930211727595,32.9199210000002,52.8436900367979,2670.189941,2637.27002
"241",2629.679932,2635.070068,2593.840088,2599.949951,4035020000,2599.949951,-0.0190867095971455,56.6999510000001,53.6149422294383,2650.540039,2593.840088
"242",2590.75,2601.129883,2530.540039,2545.939941,4616350000,2545.939941,-0.0207734806507435,70.5898440000001,57.0099225835507,2601.129883,2530.540039
"243",2559.899902,2573.98999,2528.709961,2546.159912,4470880000,2546.159912,8.64007027256974e-05,45.280029,54.6639438668405,2573.98999,2528.709961
"244",2547.050049,2585.290039,2488.959961,2506.959961,5127940000,2506.959961,-0.0153957144699559,96.330078,62.9971706934724,2585.290039,2488.959961
"245",2496.77002,2509.629883,2441.179932,2467.419922,5585780000,2467.419922,-0.0157721063020998,68.4499510000001,64.0877267547779,2509.629883,2441.179932
"246",2465.379883,2504.409912,2408.550049,2416.620117,7609010000,2416.620117,-0.0205882284353219,95.8598630000001,70.4421540038224,2504.409912,2408.550049
"247",2400.560059,2410.340088,2351.100098,2351.100098,2613930000,2351.100098,-0.0271122542343712,65.520019,69.4577270030579,2416.620117,2351.100098
"248",2363.120117,2467.76001,2346.580078,2467.699951,4233990000,2467.699951,0.0495937425629762,121.179932,79.8021680024463,2467.76001,2346.580078
"249",2442.5,2489.100098,2397.939941,2488.830078,4096610000,2488.830078,0.00856268080381373,91.1601569999998,82.073765801957,2489.100098,2397.939941
"250",2498.77002,2520.27002,2472.889893,2485.73999,3702620000,2485.73999,-0.00124158255210538,47.3801269999999,75.1350380415656,2520.27002,2472.889893
"251",2498.939941,2509.23999,2482.820068,2506.850098,3442870000,2506.850098,0.00849248436478667,26.419922,65.3920148332525,2509.23999,2482.820068
"252",2476.959961,2519.48999,2467.469971,2510.030029,3733160000,2510.030029,0.00126849666940076,52.020019,62.717615666602,2519.48999,2467.469971
"253",2491.919922,2493.139893,2443.959961,2447.889893,3822860000,2447.889893,-0.0247567301116142,66.070068,63.3881061332816,2510.030029,2443.959961
"254",2474.330078,2538.070068,2474.330078,2531.939941,4213410000,2531.939941,0.0343357142984044,90.180175,68.7465199066253,2538.070068,2447.889893
"255",2535.610107,2566.159912,2524.560059,2549.689941,4104710000,2549.689941,0.00701043484980524,41.5998530000002,63.3171865253003,2566.159912,2524.560059
"256",2568.110107,2579.820068,2547.560059,2574.409912,4083030000,2574.409912,0.00969528514133944,32.2600090000001,57.1057510202402,2579.820068,2547.560059
"257",2580,2595.320068,2568.889893,2584.959961,4052480000,2584.959961,0.00409804551746928,26.430175,50.9706358161922,2595.320068,2568.889893
"258",2573.51001,2597.820068,2562.02002,2596.639893,3704500000,2596.639893,0.00451841892184723,35.8000480000001,47.9365182529538,2597.820068,2562.02002
"259",2588.110107,2596.27002,2577.399902,2596.26001,3434490000,2596.26001,-0.000146297914094373,19.2399909999999,42.197212802363,2596.639893,2577.399902
"260",2580.310059,2589.320068,2570.409912,2582.610107,3664450000,2582.610107,-0.00525752542019087,25.8500979999999,38.9277898418904,2596.26001,2570.409912
"261",2585.100098,2613.080078,2585.100098,2610.300049,3572330000,2610.300049,0.0107216888546002,30.469971,37.2362260735123,2613.080078,2582.610107
"262",2614.75,2625.76001,2612.679932,2616.100098,3863770000,2616.100098,0.00222198555381481,15.459961,32.8809730588098,2625.76001,2610.300049
"263",2609.280029,2645.060059,2606.360107,2635.959961,3772270000,2635.959961,0.00759140027370631,38.6999519999999,34.0447688470479,2645.060059,2606.360107
"264",2651.27002,2675.469971,2647.580078,2670.709961,3986730000,2670.709961,0.0131830530486574,39.51001,35.1378170776383,2675.469971,2635.959961
"265",2657.879883,2657.879883,2617.27002,2632.899902,3908030000,2632.899902,-0.0141573063163484,53.4399410000001,38.7982418621107,2670.709961,2617.27002
"266",2643.47998,2653.189941,2612.860107,2638.699951,3335610000,2638.699951,0.0022029128397909,40.3298340000001,39.1045602896885,2653.189941,2612.860107
"267",2638.840088,2647.199951,2627.01001,2642.330078,3433250000,2642.330078,0.00137572557221755,20.1899410000001,35.3216364317509,2647.199951,2627.01001
"268",2657.439941,2672.379883,2657.330078,2664.76001,3814080000,2664.76001,0.00848869419712228,30.0498050000001,34.2672701454007,2672.379883,2642.330078
"269",2644.969971,2644.969971,2624.060059,2643.850098,3612810000,2643.850098,-0.00784682745220278,40.6999510000001,35.5538063163206,2664.76001,2624.060059
"270",2644.889893,2650.929932,2631.050049,2640,3504200000,2640,-0.00145624670737288,19.8798830000001,32.4190216530565,2650.929932,2631.050049
"271",2653.620117,2690.439941,2648.340088,2681.050049,3867810000,2681.050049,0.0155492609848484,50.4399410000001,36.0232055224452,2690.439941,2640
"272",2685.48999,2708.949951,2678.649902,2704.100098,4917650000,2704.100098,0.0085973960122816,30.3000489999999,34.8785742179562,2708.949951,2678.649902
"273",2702.320068,2716.659912,2696.879883,2706.530029,3759270000,2706.530029,0.00089860985612078,19.780029,31.8588651743649,2716.659912,2696.879883
"274",2706.48999,2724.98999,2698.75,2724.870117,3359840000,2724.870117,0.00677623665855887,26.23999,30.735090139492,2724.98999,2698.75
"275",2728.340088,2738.97998,2724.030029,2737.699951,3560430000,2737.699951,0.00470842038303299,14.9499510000001,27.5780623115936,2738.97998,2724.030029
"276",2735.050049,2738.080078,2724.149902,2731.610107,3472690000,2731.610107,-0.00222443807173811,13.9301759999998,24.8484850492748,2738.080078,2724.149902
"277",2717.530029,2719.320068,2687.26001,2706.050049,4099490000,2706.050049,-0.00935713992802267,44.350097,28.7488074394199,2731.610107,2687.26001
"278",2692.360107,2708.070068,2681.830078,2707.879883,3622330000,2707.879883,0.00067620109268729,26.23999,28.2470439515359,2708.070068,2681.830078
"279",2712.399902,2718.050049,2703.790039,2709.800049,3361970000,2709.800049,0.000709103092812358,14.26001,25.4496371612287,2718.050049,2703.790039
"280",2722.610107,2748.189941,2722.610107,2744.72998,3827770000,2744.72998,0.0128902245067455,38.3898920000001,28.037688128983,2748.189941,2709.800049
"281",2750.300049,2761.850098,2748.629883,2753.030029,3670770000,2753.030029,0.00302399473189707,17.1201179999998,25.8541741031864,2761.850098,2744.72998
"282",2743.5,2757.899902,2731.22998,2745.72998,3836700000,2745.72998,-0.00265164161781828,26.669922,26.0173236825491,2757.899902,2731.22998
"283",2760.23999,2775.659912,2760.23999,2775.600098,3641370000,2775.600098,0.0108787529063581,29.929932,26.7998453460393,2775.659912,2745.72998
"284",2769.280029,2787.330078,2767.290039,2779.76001,3533710000,2779.76001,0.0014987432818574,20.040039,25.4478840768314,2787.330078,2767.290039
"285",2779.050049,2789.879883,2774.060059,2784.699951,3835450000,2784.699951,0.00177711060747288,15.8198240000002,23.5222720614652,2789.879883,2774.060059
"286",2780.23999,2781.580078,2764.550049,2774.879883,3559710000,2774.879883,-0.00352643666204455,20.1499020000001,22.8477980491722,2784.699951,2764.550049
"287",2780.669922,2794.199951,2779.110107,2792.669922,3427810000,2792.669922,0.00641110237203013,19.320068,22.1422520393377,2794.199951,2774.879883
"288",2804.350098,2813.48999,2794.98999,2796.110107,3804380000,2796.110107,0.00123186237403106,20.820068,21.8778152314702,2813.48999,2792.669922
"289",2792.360107,2803.120117,2789.469971,2793.899902,3645680000,2793.899902,-0.000790457069078432,13.6501459999999,20.2322813851761,2803.120117,2789.469971
"290",2787.5,2795.76001,2775.129883,2792.379883,3767130000,2792.379883,-0.000544049197650942,20.6301269999999,20.3118505081409,2795.76001,2775.129883
"291",2788.110107,2793.72998,2782.51001,2784.48999,4396930000,2784.48999,-0.00282550846610585,11.2199700000001,18.4934744065127,2793.72998,2782.51001
"292",2798.219971,2808.02002,2787.379883,2803.689941,3972280000,2803.689941,0.00689532053228903,23.5300299999999,19.5007855252102,2808.02002,2784.48999
"293",2814.370117,2816.879883,2767.659912,2792.810059,3919810000,2792.810059,-0.00388055820327959,49.219971,25.4446226201681,2816.879883,2767.659912
"294",2794.409912,2796.439941,2782.969971,2789.649902,3585690000,2789.649902,-0.00113153309148828,13.4699700000001,23.0496920961345,2796.439941,2782.969971
"295",2790.27002,2790.27002,2768.689941,2771.449951,3786600000,2771.449951,-0.00652409859278469,21.5800789999998,22.7557694769076,2790.27002,2768.689941
"296",2766.530029,2767.25,2739.090088,2748.929932,3904860000,2748.929932,-0.00812571736750078,32.3598630000001,24.6765881815261,2771.449951,2739.090088
"297",2730.790039,2744.129883,2722.27002,2743.070068,3423130000,2743.070068,-0.00213168910992823,26.6599120000001,25.0732529452209,2748.929932,2722.27002
"298",2747.610107,2784,2747.610107,2783.300049,3749030000,2783.300049,0.0146660420633484,40.929932,28.2445887561767,2784,2743.070068
"299",2787.340088,2798.320068,2786.72998,2791.52002,3414230000,2791.52002,0.00295331831110102,15.020019,25.5996748049414,2798.320068,2783.300049
"300",2799.780029,2821.23999,2799.780029,2810.919922,3766150000,2810.919922,0.00694958368953413,29.7199700000001,26.4237338439531,2821.23999,2791.52002
"301",2810.379883,2815,2803.459961,2808.47998,3469730000,2808.47998,-0.000868022593209949,11.540039,23.4469948751625,2815,2803.459961
"302",2810.790039,2830.72998,2810.790039,2822.47998,5962730000,2822.47998,0.00498490290110598,22.25,23.20759590013,2830.72998,2808.47998
"303",2822.610107,2835.409912,2821.98999,2832.939941,3552190000,2832.939941,0.00370594692402393,13.419922,21.250061120104,2835.409912,2821.98999
"304",2840.76001,2852.419922,2823.27002,2832.570068,3620220000,2832.570068,-0.000130561539497198,29.1499020000001,22.8300292960832,2852.419922,2823.27002
"305",2831.340088,2843.540039,2812.429932,2824.22998,3771200000,2824.22998,-0.00294435364343471,31.110107,24.4860448368666,2843.540039,2812.429932
"306",2819.719971,2860.310059,2817.379883,2854.879883,3546800000,2854.879883,0.0108524812841198,42.9301759999998,28.1748710694932,2860.310059,2817.379883
"307",2844.52002,2846.159912,2800.469971,2800.709961,4237200000,2800.709961,-0.0189745012820212,54.4099120000001,33.4218792555946,2854.879883,2800.469971
"308",2796.01001,2809.790039,2785.02002,2798.360107,3376580000,2798.360107,-0.00083902083140408,24.770019,31.6915072044757,2809.790039,2785.02002
"309",2812.659912,2829.870117,2803.98999,2818.459961,3266050000,2818.459961,0.0071827260364814,31.51001,31.6552077635806,2829.870117,2798.360107
"310",2819.719971,2825.560059,2787.719971,2805.370117,3372930000,2805.370117,-0.00464432497928968,37.8400879999999,32.8921838108644,2825.560059,2787.719971
"311",2809.399902,2819.709961,2798.77002,2815.439941,3158170000,2815.439941,0.0035894814516555,20.9399410000001,30.5017352486916,2819.709961,2798.77002
"312",2828.27002,2836.030029,2819.22998,2834.399902,3740700000,2834.399902,0.00673428004053456,20.5900879999999,28.5194057989532,2836.030029,2815.439941
"313",2848.629883,2869.399902,2848.629883,2867.189941,3500760000,2867.189941,0.0115686001036279,35,29.8155246391626,2869.399902,2834.399902
"314",2868.23999,2872.899902,2858.75,2867.23999,3246900000,2867.23999,1.74557671552833e-05,14.1499020000001,26.6824001113301,2872.899902,2858.75
"315",2876.090088,2885.25,2865.169922,2873.399902,3550240000,2873.399902,0.00214837684375357,20.080078,25.3619356890641,2885.25,2865.169922
"316",2873.98999,2881.280029,2867.139893,2879.389893,3015180000,2879.389893,0.00208463534638215,14.140136,23.1175757512513,2881.280029,2867.139893
"317",2884.159912,2893.23999,2882.98999,2892.73999,3146820000,2892.73999,0.00463643254164881,13.850097,21.264080001001,2893.23999,2879.389893
"318",2888.459961,2895.949951,2880.780029,2895.77002,3054030000,2895.77002,0.00104746019707069,15.169922,20.0452484008008,2895.949951,2880.780029
"319",2886.580078,2886.879883,2873.330078,2878.199951,3007980000,2878.199951,-0.00606749461409228,22.439942,20.5241871206406,2895.77002,2873.330078
"320",2881.370117,2889.709961,2879.129883,2888.209961,3062380000,2888.209961,0.00347787164561719,11.51001,18.7213516965125,2889.709961,2878.199951
"321",2891.919922,2893.419922,2881.98999,2888.320068,2938540000,2888.320068,3.81229209396317e-05,11.429932,17.26306775721,2893.419922,2881.98999
"322",2900.860107,2910.540039,2898.370117,2907.409912,3688490000,2907.409912,0.00660932429598038,22.219971,18.254448405768,2910.540039,2888.320068
"323",2908.320068,2909.600098,2896.47998,2905.580078,3088330000,2905.580078,-0.000629369113879563,13.1201179999998,17.2275823246144,2909.600098,2896.47998
"324",2912.26001,2916.060059,2900.709961,2907.060059,3402210000,2907.060059,0.00050935818675435,15.3500979999999,16.8520854596915,2916.060059,2900.709961
"325",2916.040039,2918,2895.449951,2900.449951,3602300000,2900.449951,-0.00227381198387544,22.5500489999999,17.9916781677532,2918,2895.449951
"326",2904.810059,2908.399902,2891.899902,2905.030029,3506850000,2905.030029,0.00157909223650665,16.5,17.6933425342025,2908.399902,2891.899902
"327",2898.780029,2909.51001,2896.350098,2907.969971,2997950000,2907.969971,0.0010120177659616,13.1599120000001,16.786656427362,2909.51001,2896.350098
"328",2909.98999,2936.310059,2908.530029,2933.679932,3635030000,2933.679932,0.00884120580899905,28.3400879999999,19.0973427418896,2936.310059,2907.969971
"329",2934,2936.830078,2926.050049,2927.25,3448960000,2927.25,-0.00219176329696491,10.780029,17.4338799935117,2936.830078,2926.050049
"330",2928.98999,2933.100098,2912.840088,2926.169922,3425280000,2926.169922,-0.00036897361004351,20.26001,17.9991059948094,2933.100098,2912.840088
"331",2925.810059,2939.879883,2917.560059,2939.879883,3248500000,2939.879883,0.00468529216192248,22.3198240000002,18.8632495958475,2939.879883,2917.560059
"332",2940.580078,2949.52002,2939.350098,2943.030029,3118780000,2943.030029,0.00107152200952698,10.169922,17.124584076678,2949.52002,2939.350098
"333",2937.139893,2948.219971,2924.110107,2945.830078,3919330000,2945.830078,0.00095141706758306,24.109864,18.5216400613424,2948.219971,2924.110107
"334",2952.330078,2954.129883,2923.360107,2923.72998,3645850000,2923.72998,-0.00750216319843,30.7697760000001,20.971267249074,2954.129883,2923.360107
"335",2922.159912,2931.679932,2900.5,2917.52002,3778890000,2917.52002,-0.00212398547146275,31.179932,23.0130001992592,2931.679932,2900.5
"336",2929.209961,2947.850098,2929.209961,2945.639893,3338120000,2945.639893,0.00963827936303252,30.330078,24.4764157594073,2947.850098,2917.52002
"337",2908.889893,2937.320068,2898.209961,2932.469971,3181520000,2932.469971,-0.00447098847055172,47.429932,29.0671190075259,2945.639893,2898.209961
"338",2913.030029,2913.030029,2862.600098,2884.050049,3767100000,2884.050049,-0.016511651433378,69.8698730000001,37.2276698060207,2932.469971,2862.600098
"339",2879.610107,2897.959961,2873.280029,2879.419922,3485790000,2879.419922,-0.00160542532942709,24.679932,34.7181222448166,2897.959961,2873.280029
"340",2859.840088,2875.969971,2836.399902,2870.719971,3638820000,2870.719971,-0.00302142488267465,43.0200199999999,36.3785017958533,2879.419922,2836.399902
"341",2863.100098,2891.310059,2825.389893,2881.399902,3529600000,2881.399902,0.00372029703624488,65.9201659999999,42.2868346366826,2891.310059,2825.389893
"342",2840.189941,2840.189941,2801.429932,2811.870117,3894030000,2811.870117,-0.0241305571474959,79.9699700000001,49.8234617093461,2881.399902,2801.429932
"343",2820.120117,2852.540039,2820.120117,2834.409912,3322720000,2834.409912,0.00801594457145405,40.669922,47.9927537674769,2852.540039,2811.870117
"344",2820.379883,2858.679932,2815.080078,2850.959961,3125950000,2850.959961,0.00583897513550613,43.5998540000001,47.1141738139815,2858.679932,2815.080078
"345",2855.800049,2892.149902,2855.800049,2876.320068,3338060000,2876.320068,0.00889528697242903,41.1899410000001,45.9293272511852,2892.149902,2850.959961
"346",2858.600098,2885.47998,2854.22998,2859.530029,3257950000,2859.530029,-0.00583733332976211,31.25,42.9934618009482,2885.47998,2854.22998
"347",2841.939941,2853.860107,2831.290039,2840.22998,3288870000,2840.22998,-0.00674937797619468,28.23999,40.0427674407586,2859.530029,2831.290039
"348",2854.02002,2868.879883,2854.02002,2864.360107,3218700000,2864.360107,0.00849583560835443,28.649903,37.7641945526068,2868.879883,2840.22998
"349",2856.060059,2865.469971,2851.110107,2856.27002,3192510000,2856.27002,-0.00282439592013217,14.359864,33.0833284420855,2865.469971,2851.110107
"350",2836.699951,2836.699951,2805.48999,2822.23999,3891980000,2822.23999,-0.0119141501894838,50.7800299999999,36.6226687536684,2856.27002,2805.48999
"351",2832.409912,2841.360107,2820.189941,2826.060059,2887390000,2826.060059,0.0013535592343441,21.1701659999999,33.5321682029347,2841.360107,2820.189941
"352",2830.030029,2840.51001,2801.580078,2802.389893,4121410000,2802.389893,-0.00837567691621377,38.929932,34.6117209623477,2840.51001,2801.580078
"353",2790.25,2792.030029,2766.060059,2783.02002,3700050000,2783.02002,-0.00691191223904408,36.3298340000001,34.9553435698782,2802.389893,2766.060059
"354",2786.939941,2799,2776.73999,2788.860107,3273790000,2788.860107,0.00209847107028716,22.26001,32.4162768559026,2799,2776.73999
"355",2766.149902,2768.97998,2750.52002,2752.060059,3981020000,2752.060059,-0.0131953725135343,38.340087,33.6010388847221,2788.860107,2750.52002
"356",2751.530029,2763.070068,2728.810059,2744.449951,3943810000,2744.449951,-0.00276524052413485,34.2600090000001,33.7328329077777,2763.070068,2728.810059
"357",2762.639893,2804.48999,2762.639893,2803.27002,3810430000,2803.27002,0.0214323708029609,60.040039,38.9942741262221,2804.48999,2744.449951
"358",2818.090088,2827.280029,2800.919922,2826.149902,3548830000,2826.149902,0.00816185449020712,26.360107,36.4674407009777,2827.280029,2800.919922
"359",2828.51001,2852.100098,2822.449951,2843.48999,3396410000,2843.48999,0.00613558678813497,29.6501469999998,35.1039819607821,2852.100098,2822.449951
"360",2852.870117,2884.969971,2852.870117,2873.340088,3220250000,2873.340088,0.0104976975846502,41.479981,36.3791817686257,2884.969971,2843.48999
"361",2885.830078,2904.77002,2885.51001,2886.72998,3209210000,2886.72998,0.00466004426552935,31.429932,35.3893318149006,2904.77002,2873.340088
"362",2903.27002,2910.610107,2878.530029,2885.719971,3548420000,2885.719971,-0.000349879970415579,32.080078,34.7274810519204,2910.610107,2878.530029
"363",2882.72998,2888.570068,2874.679932,2879.840088,3034130000,2879.840088,-0.00203757920348813,13.890136,30.5600120415363,2888.570068,2874.679932
"364",2886.23999,2895.23999,2881.98999,2891.639893,3069810000,2891.639893,0.00409738202102572,15.3999020000001,27.5279900332291,2895.23999,2879.840088
"365",2886.820068,2894.449951,2879.620117,2886.97998,2922330000,2886.97998,-0.00161151221190459,14.8298340000001,24.9883588265833,2894.449951,2879.620117
"366",2889.75,2897.27002,2887.300049,2889.669922,2810140000,2889.669922,0.000931749447046659,10.2900399999999,22.0486950612666,2897.27002,2886.97998
"367",2906.709961,2930.790039,2905.439941,2917.75,3437620000,2917.75,0.00971739982695508,41.1201169999999,25.8629794490133,2930.790039,2889.669922
"368",2920.550049,2931.73999,2911.429932,2926.459961,3287890000,2926.459961,0.00298516356781775,20.310058,24.7523951592106,2931.73999,2911.429932
"369",2949.600098,2958.060059,2931.5,2954.179932,3905940000,2954.179932,0.00947218529192795,31.6000979999999,26.1219357273685,2958.060059,2926.459961
"370",2952.709961,2964.149902,2946.870117,2950.459961,5000120000,2950.459961,-0.00125922289285929,17.2797850000002,24.3535055818948,2964.149902,2946.870117
"371",2951.419922,2954.919922,2944.050049,2945.350098,3136250000,2945.350098,-0.00173188691510606,10.8698730000001,21.6567790655159,2954.919922,2944.050049
"372",2945.780029,2946.52002,2916.01001,2917.379883,3578050000,2917.379883,-0.00949639739567554,30.51001,23.4274252524127,2946.52002,2916.01001
"373",2926.070068,2932.590088,2912.98999,2913.780029,3478130000,2913.780029,-0.00123393392165927,19.6000979999999,22.6619598019301,2932.590088,2912.98999
"374",2919.659912,2929.300049,2918.570068,2924.919922,3122920000,2924.919922,0.00382317569930746,15.5200199999999,21.2335718415441,2929.300049,2913.780029
"375",2932.939941,2943.97998,2929.050049,2941.76001,5420700000,2941.76001,0.00575745266505789,19.060058,20.7988690732353,2943.97998,2924.919922
"376",2971.409912,2977.929932,2952.219971,2964.330078,3513270000,2964.330078,0.00767230090941373,36.169922,23.8730796585882,2977.929932,2941.76001
"377",2964.659912,2973.209961,2955.919922,2973.01001,3206840000,2973.01001,0.00292812600877967,17.290039,22.5564715268706,2973.209961,2955.919922
"378",2978.080078,2995.840088,2977.959961,2995.820068,1963720000,2995.820068,0.00767237847275193,22.830078,22.6111928214965,2995.840088,2973.01001
"379",2984.25,2994.030029,2967.969971,2990.409912,2434210000,2990.409912,-0.00180590151517734,27.850097,23.6589736571972,2995.820068,2967.969971
"380",2979.77002,2980.76001,2970.090088,2975.949951,2904550000,2975.949951,-0.00483544444591855,20.3198240000002,22.9911437257578,2990.409912,2970.090088
"381",2965.52002,2981.899902,2963.439941,2979.629883,3028210000,2979.629883,0.00123655708617121,18.459961,22.0849071806062,2981.899902,2963.439941
"382",2989.300049,3002.97998,2984.620117,2993.070068,3154240000,2993.070068,0.00451068942377097,23.350097,22.337945144485,3002.97998,2979.629883
"383",2999.620117,3002.330078,2988.800049,2999.909912,3154620000,2999.909912,0.0022852268221607,13.530029,20.576361915588,3002.330078,2988.800049
"384",3003.360107,3013.919922,3001.870117,3013.77002,2974960000,3013.77002,0.00462017474076726,14.01001,19.2630915324704,3013.919922,2999.909912
"385",3017.800049,3017.800049,3008.77002,3014.300049,2874970000,3014.300049,0.000175869093023806,9.03002900000001,17.2164790259763,3017.800049,3008.77002
"386",3012.129883,3015.02002,3001.149902,3004.040039,3290650000,3004.040039,-0.00340377859974617,13.8701179999998,16.547206820781,3015.02002,3001.149902
"387",3005.100098,3005.26001,2984.25,2984.419922,3181600000,2984.419922,-0.00653124350717083,21.01001,17.4397674566248,3005.26001,2984.25
"388",2978.870117,2998.280029,2973.090088,2995.110107,3296580000,2995.110107,0.00358199760067146,25.1899410000001,18.9898021652999,2998.280029,2973.090088
"389",3004.26001,3006.02002,2975.860107,2976.610107,3260360000,2976.610107,-0.00617673452363665,30.159913,21.2238243322399,3006.02002,2975.860107
"390",2981.929932,2990.709961,2976.649902,2985.030029,3003720000,2985.030029,0.00282869495746163,14.0998540000001,19.7990302657919,2990.709961,2976.610107
"391",2994.73999,3005.899902,2988.560059,3005.469971,3313660000,3005.469971,0.00684748287334558,20.8698730000001,20.0131988126336,3005.899902,2985.030029
"392",2998.77002,3019.590088,2996.820068,3019.560059,3428980000,3019.560059,0.00468814798881922,22.7700199999999,20.5645630501068,3019.590088,2996.820068
"393",3016.26001,3016.310059,2997.23999,3003.669922,3645270000,3003.669922,-0.00526240137288814,22.3200689999999,20.9156642400854,3019.560059,2997.23999
"394",3013.25,3027.97998,3012.590088,3025.860107,3257590000,3025.860107,0.00738769091685842,24.310058,21.5945429920684,3027.97998,3003.669922
"395",3024.469971,3025.610107,3014.300049,3020.969971,3203710000,3020.969971,-0.00161611436982401,11.560058,19.5876459936547,3025.860107,3014.300049
"396",3007.659912,3017.189941,3000.939941,3013.179932,3634330000,3013.179932,-0.00257865489388542,20.0300299999999,19.6761227949237,3020.969971,3000.939941
"397",3016.219971,3017.399902,2958.080078,2980.379883,4623430000,2980.379883,-0.0108855261684385,59.3198240000002,27.604863035939,3017.399902,2958.080078
"398",2980.320068,3013.590088,2945.22998,2953.560059,4762300000,2953.560059,-0.00899879379571034,68.3601079999999,35.7559120287512,3013.590088,2945.22998
"399",2943.899902,2945.5,2914.110107,2932.050049,3874660000,2932.050049,-0.00728274000538953,39.4499519999999,36.4947200230009,2953.560059,2914.110107
"400",2898.070068,2898.070068,2822.120117,2844.73999,4513730000,2844.73999,-0.0297778201397952,109.929932,51.1817624184008,2932.050049,2822.120117
"401",2861.179932,2884.399902,2847.419922,2881.77002,4154240000,2881.77002,0.0130170174181719,39.6599120000001,48.8773923347206,2884.399902,2844.73999
"402",2858.649902,2892.169922,2825.709961,2883.97998,4491750000,2883.97998,0.000766875907745046,66.459961,52.3939060677765,2892.169922,2825.709961
"403",2896.209961,2938.719971,2894.469971,2938.090088,4106370000,2938.090088,0.0187623036134945,54.7399909999999,52.8631230542212,2938.719971,2883.97998
"404",2930.51001,2935.75,2900.149902,2918.649902,3350640000,2918.649902,-0.0066166065089015,37.9401859999998,49.8785356433769,2938.090088,2900.149902
"405",2907.070068,2907.580078,2873.139893,2882.699951,2851630000,2882.699951,-0.0123173221205344,45.5100090000001,49.0048303147016,2918.649902,2873.139893
"406",2880.719971,2943.310059,2877.050049,2926.320068,3853600000,2926.320068,0.0151316882580403,66.26001,52.4558662517612,2943.310059,2877.050049
"407",2894.149902,2894.149902,2839.639893,2840.600098,4312530000,2840.600098,-0.0292927526750639,86.680175,59.300728001409,2926.320068,2839.639893
"408",2846.199951,2856.669922,2825.51001,2847.600098,4.038e+09,2847.600098,0.00246426802735389,31.1599120000001,53.6725648011272,2856.669922,2825.51001
"409",2864.73999,2893.629883,2864.73999,2888.679932,3498150000,2888.679932,0.0144261246615536,46.0297850000002,52.1440088409018,2893.629883,2847.600098
"410",2913.47998,2931,2913.47998,2923.649902,3212880000,2923.649902,0.0121058652475174,42.320068,50.1792206727214,2931,2888.679932
"411",2919.01001,2923.629883,2899.600098,2900.51001,3066300000,2900.51001,-0.00791472740432109,24.0498040000002,44.9533373381772,2923.649902,2899.600098
"412",2922.040039,2928.72998,2917.909912,2924.429932,3011190000,2924.429932,0.00824679863800926,28.2199700000001,41.6066638705418,2928.72998,2900.51001
"413",2930.939941,2939.080078,2904.51001,2922.949951,2890880000,2922.949951,-0.000506075041773246,34.570068,40.1993446964334,2939.080078,2904.51001
"414",2911.070068,2927.01001,2834.969971,2847.110107,3937300000,2847.110107,-0.0259463368416738,92.040039,50.5674835571467,2927.01001,2834.969971
"415",2866.699951,2879.27002,2856,2878.379883,2857600000,2878.379883,0.0109829879508767,32.159913,46.8859694457174,2879.27002,2847.110107
"416",2893.139893,2898.790039,2860.590088,2869.159912,3533630000,2869.159912,-0.00320318073873915,38.1999510000001,45.1487657565739,2898.790039,2860.590088
"417",2861.280029,2890.030029,2853.050049,2887.939941,3097420000,2887.939941,0.00654548006245803,36.9799800000001,43.5150086052592,2890.030029,2853.050049
"418",2910.370117,2930.5,2905.669922,2924.580078,3176190000,2924.580078,0.0126872918926813,42.5600589999999,43.3240186842073,2930.5,2887.939941
"419",2937.090088,2940.429932,2913.320068,2926.459961,3008450000,2926.459961,0.000642787323261063,27.109864,40.0811877473659,2940.429932,2913.320068
"420",2909.01001,2914.389893,2891.850098,2906.27002,3426790000,2906.27002,-0.00689910037009389,34.6098630000001,38.9869227978927,2926.459961,2891.850098
"421",2924.669922,2938.840088,2921.860107,2937.780029,3163260000,2937.780029,0.0108420789476402,32.570068,37.7035518383142,2938.840088,2906.27002
"422",2960.600098,2985.860107,2960.600098,2976,3890700000,2976,0.0130098137446355,48.080078,39.7788570706513,2985.860107,2937.780029
"423",2980.330078,2985.030029,2972.51001,2978.709961,3208280000,2978.709961,0.000910605174731183,12.520019,34.3270894565211,2985.030029,2972.51001
"424",2988.429932,2989.429932,2969.389893,2978.429932,4002890000,2978.429932,-9.40101599908871e-05,20.040039,31.4696793652169,2989.429932,2969.389893
"425",2971.01001,2979.389893,2957.01001,2979.389893,4390770000,2979.389893,0.000322304375767413,22.3798830000001,29.6517200921735,2979.389893,2957.01001
"426",2981.409912,3000.929932,2975.310059,3000.929932,3927550000,3000.929932,0.00722968116747924,25.6198730000001,28.8453506737388,3000.929932,2975.310059
"427",3009.080078,3020.73999,3000.919922,3009.570068,3791860000,3009.570068,0.0028791528612071,19.820068,27.0402941389911,3020.73999,3000.919922
"428",3012.209961,3017.330078,3002.899902,3007.389893,3520060000,3007.389893,-0.000724414102592719,14.4301759999998,24.5182705111928,3017.330078,3002.899902
"429",2996.409912,3002.189941,2990.669922,2997.959961,4274640000,2997.959961,-0.00313558678306036,16.719971,22.9586106089542,3007.389893,2990.669922
"430",2995.669922,3006.209961,2993.72998,3005.699951,3671840000,3005.699951,0.00258175229178792,12.479981,20.8628846871634,3006.209961,2993.72998
"431",3001.5,3007.830078,2978.570068,3006.72998,3435540000,3006.72998,0.000342691891004332,29.26001,22.5423097497307,3007.830078,2978.570068
"432",3010.360107,3021.98999,3003.159912,3006.790039,3251290000,3006.790039,1.99748565383739e-05,18.830078,21.7998633997846,3021.98999,3003.159912
"433",3008.419922,3016.370117,2984.679932,2992.070068,6094740000,2992.070068,-0.0048955766146197,31.6901849999999,23.7779277198276,3016.370117,2984.679932
"434",2983.5,2999.149902,2982.22998,2991.780029,3186590000,2991.780029,-9.69358983607949e-05,16.919922,22.4063265758621,2999.149902,2982.22998
"435",3002.429932,3007.97998,2957.72998,2966.600098,3868160000,2966.600098,-0.00841637110881321,50.25,27.9750612606897,3007.97998,2957.72998
"436",2968.350098,2989.820068,2952.860107,2984.870117,3318870000,2984.870117,0.00615857156221256,36.959961,29.7720412085518,2989.820068,2952.860107
"437",2985.72998,2987.280029,2963.709961,2977.620117,3077240000,2977.620117,-0.00242891640701837,23.570068,28.5316465668414,2987.280029,2963.709961
"438",2985.469971,2987.310059,2945.530029,2961.790039,3243650000,2961.790039,-0.00531635244859541,41.7800299999999,31.1813232534731,2987.310059,2945.530029
"439",2967.070068,2983.850098,2967.070068,2976.73999,3247610000,2976.73999,0.00504760661733061,22.0600589999999,29.3570704027785,2983.850098,2961.790039
"440",2983.689941,2992.530029,2938.699951,2940.25,3558040000,2940.25,-0.0122583732951429,53.830078,34.2516719222228,2992.530029,2938.699951
"441",2924.780029,2924.780029,2874.929932,2887.610107,3912520000,2887.610107,-0.0179032031289856,65.320068,40.4653511377782,2940.25,2874.929932
"442",2885.379883,2911.129883,2855.939941,2910.629883,3503640000,2910.629883,0.00797191280921083,55.189942,43.4102693102226,2911.129883,2855.939941
"443",2918.560059,2953.73999,2918.560059,2952.01001,2990830000,2952.01001,0.0142168976006489,43.110107,43.350236848178,2953.73999,2910.629883
"444",2944.22998,2959.75,2935.679932,2938.790039,2940140000,2938.790039,-0.00447829477380401,24.070068,39.4942030785424,2959.75,2935.679932
"445",2920.399902,2925.469971,2892.659912,2893.060059,3356450000,2893.060059,-0.0155608190422344,46.1301269999999,40.8213878628339,2938.790039,2892.659912
"446",2911.100098,2929.320068,2907.409912,2919.399902,2726820000,2919.399902,0.00910449228942189,36.2600090000001,39.9091120902672,2929.320068,2893.060059
"447",2918.550049,2948.459961,2917.120117,2938.129883,3217250000,2938.129883,0.00641569556372468,31.3398440000001,38.1952584722138,2948.459961,2917.120117
"448",2963.070068,2993.280029,2963.070068,2970.27002,3580460000,2970.27002,0.010938977608159,55.1501459999999,41.586235977771,2993.280029,2938.129883
"449",2965.810059,2972.840088,2962.939941,2966.149902,2557020000,2966.149902,-0.00138711900677635,9.90014699999983,35.2490181822168,2972.840088,2962.939941
"450",2973.610107,3003.280029,2973.610107,2995.679932,3340740000,2995.679932,0.00995567687934074,37.1301269999999,35.6252399457734,3003.280029,2966.149902
"451",2989.679932,2997.540039,2985.199951,2989.689941,3222570000,2989.689941,-0.00199954305398731,12.3400879999999,30.9682095566187,2997.540039,2985.199951
"452",3000.77002,3008.290039,2991.790039,2997.949951,3115960000,2997.949951,0.00276283165244795,18.6000979999999,28.4945872452949,3008.290039,2989.689941
"453",2996.840088,3000,2976.310059,2986.199951,3264290000,2986.199951,-0.00391934494973156,23.6899410000001,27.533657996236,3000,2976.310059
"454",2996.47998,3007.330078,2995.350098,3006.719971,3271620000,3006.719971,0.00687161621348498,21.1301269999999,26.2529517969888,3007.330078,2986.199951
"455",3010.72998,3014.570068,2995.040039,2995.98999,3523890000,2995.98999,-0.00356866655474775,19.530029,24.908367237591,3014.570068,2995.040039
"456",2994.01001,3004.780029,2991.209961,3004.52002,3392870000,3004.52002,0.00284714903202987,13.570068,22.6407073900728,3004.780029,2991.209961
"457",3014.780029,3016.070068,3000.419922,3010.290039,3692600000,3010.290039,0.00192044618161669,15.6501459999999,21.2425951120582,3016.070068,3000.419922
"458",3003.320068,3027.389893,3001.939941,3022.550049,3370370000,3022.550049,0.00407270058405151,25.4499519999999,22.0840664896466,3027.389893,3001.939941
"459",3032.120117,3044.080078,3032.120117,3039.419922,3521230000,3039.419922,0.0055813378526457,21.530029,21.9732589917173,3044.080078,3022.550049
"460",3035.389893,3047.870117,3034.810059,3036.889893,3589930000,3036.889893,-0.000832405217089938,13.060058,20.1906187933738,3047.870117,3034.810059
"461",3039.73999,3050.100098,3025.959961,3046.77002,3776030000,3046.77002,0.00325337017412886,24.1401369999999,20.980522434699,3050.100098,3025.959961
"462",3046.899902,3046.899902,3023.189941,3037.560059,4139280000,3037.560059,-0.0030228605833531,23.709961,21.5264101477592,3046.899902,3023.189941
"463",3050.719971,3066.949951,3050.719971,3066.909912,3930200000,3066.909912,0.00966231199710421,29.3898920000001,23.0991065182074,3066.949951,3037.560059
"464",3078.959961,3085.199951,3074.870117,3078.27002,4146850000,3078.27002,0.00370408923834087,18.290039,22.1372930145659,3085.199951,3066.909912
"465",3080.800049,3083.949951,3072.149902,3074.620117,4486130000,3074.620117,-0.00118569942736857,11.8000489999999,20.0698442116527,3083.949951,3072.149902
"466",3075.100098,3078.340088,3065.889893,3076.780029,4458190000,3076.780029,0.000702497192436091,12.4501949999999,18.5459143693222,3078.340088,3065.889893
"467",3087.02002,3097.77002,3080.22998,3085.179932,4144640000,3085.179932,0.00273009539870483,20.9899909999999,19.0347296954577,3097.77002,3076.780029
"468",3081.25,3093.090088,3073.580078,3093.080078,3499150000,3093.080078,0.00256067593272546,19.51001,19.1297857563662,3093.090088,3073.580078
"469",3080.330078,3088.330078,3075.820068,3087.01001,3035530000,3087.01001,-0.00196246713532389,17.26001,18.7558306050929,3093.080078,3075.820068
"470",3089.280029,3102.610107,3084.72998,3091.840088,3466010000,3091.840088,0.00156464604402107,17.8801269999999,18.5806898840743,3102.610107,3084.72998
"471",3084.179932,3098.060059,3078.800049,3094.040039,3509280000,3094.040039,0.000711534535223324,19.26001,18.7165539072595,3098.060059,3078.800049
"472",3090.75,3098.199951,3083.26001,3096.629883,3276070000,3096.629883,0.000837042820181821,14.9399410000001,17.9612313258076,3098.199951,3083.26001
"473",3107.919922,3120.459961,3104.600098,3120.459961,3335650000,3120.459961,0.00769548796607022,23.830078,19.1350006606461,3120.459961,3096.629883
"474",3117.909912,3124.169922,3112.060059,3122.030029,3436690000,3122.030029,NA,12.1098630000001,17.7299731285169,3124.169922,3112.060059
"475",3127.449951,3127.639893,3113.469971,3120.179932,3590070000,3120.179932,NA,14.169922,17.0179629028135,3127.639893,3113.469971
"476",3114.659912,3118.969971,3091.409912,3108.459961,4034890000,3108.459961,NA,28.7700199999999,19.3683743222508,3120.179932,3091.409912
"477",3108.48999,3110.110107,3094.550049,3103.540039,3720560000,3103.540039,NA,15.560058,18.6067110578006,3110.110107,3094.550049
"478",3111.409912,3112.870117,3099.26001,3110.290039,3226780000,3110.290039,NA,13.610107,17.6073902462405,3112.870117,3099.26001
"479",3117.439941,3133.830078,3117.439941,3133.639893,3511530000,3133.639893,NA,23.540039,18.7939199969924,3133.830078,3110.290039
"480",3134.850098,3142.689941,3131,3140.52002,4595590000,3140.52002,NA,11.6899410000001,17.3731241975939,3142.689941,3131
"481",3145.48999,3154.26001,3143.409912,3153.629883,3033090000,3153.629883,NA,13.73999,16.6464973580752,3154.26001,3140.52002
"482",3147.179932,3150.300049,3139.340088,3140.97998,1743020000,3140.97998,NA,14.2897950000001,16.1751568864602,3153.629883,3139.340088
"483",3143.850098,3144.310059,3110.780029,3113.870117,3268740000,3113.870117,NA,33.5300299999999,19.6461315091681,3144.310059,3110.780029
"484",3087.409912,3094.969971,3070.330078,3093.199951,3653390000,3093.199951,NA,43.540039,24.4249130073345,3113.870117,3070.330078
"485",3103.5,3119.379883,3102.530029,3112.76001,3695030000,3112.76001,NA,26.179932,24.7759168058676,3119.379883,3093.199951
"486",3119.209961,3119.449951,3103.76001,3117.429932,3355750000,3117.429932,NA,15.6899410000001,22.9587216446941,3119.449951,3103.76001
"487",3134.620117,3150.600098,3134.620117,3145.909912,1699014299,3145.909912,NA,33.1701659999999,25.0010105157552,3150.600098,3117.429932
