"","SDS.Open","SDS.High","SDS.Low","SDS.Close","SDS.Volume","SDS.Adjusted"
"1",40.779999,40.919998,40.490002,40.490002,2623600,39.310272
"2",40.43,40.450001,39.939999,39.990002,3216800,38.824833
"3",39.77,39.82,39.5,39.650002,3412200,38.494736
"4",39.389999,39.57,39.099998,39.139999,3978500,37.999599
"5",39.169998,39.27,38.959999,39,1991600,37.863674
"6",38.869999,38.959999,38.630001,38.830002,3024500,37.698631
"7",39.080002,39.290001,38.860001,38.970001,2897000,37.834553
"8",38.790001,38.84,38.41,38.41,3051900,37.290863
"9",38.310001,38.349998,37.849998,37.91,3952100,36.805439
"10",37.52,38.380001,37.330002,38.16,8503100,37.048153
"11",37.889999,38.110001,37.32,37.439999,5734100,36.349125
"12",37.490002,37.73,37.360001,37.57,4404700,36.475349
"13",37.389999,37.580002,37.240002,37.240002,3772200,36.154953
"14",37.310001,37.32,36.639999,36.639999,3869600,35.572441
"15",36.630001,36.720001,36.400002,36.490002,3641300,35.426811
"16",36.32,36.860001,36.130001,36.509998,7496200,35.446228
"17",36.27,36.73,36.25,36.509998,5060200,35.446228
"18",36.27,36.34,35.66,35.66,4483900,34.620991
"19",35.82,36.169998,35.700001,36.16,6330600,35.10643
"20",36.68,37.02,36.5,36.900002,9252300,35.824863
"21",36.630001,37.169998,36.470001,36.830002,8125500,35.756905
"22",37.099998,37.169998,36.560001,36.950001,6026000,35.873409
"23",37.360001,38.549999,37.299999,38.529999,13981000,37.407368
"24",39.150002,41.970001,38.450001,41.669998,22223500,40.455879
"25",43.040001,43.439999,39.98,40.150002,17415700,38.980171
"26",40.389999,40.619999,39.200001,40.619999,13611700,39.436478
"27",40.490002,43.66,40.470001,43.639999,14289800,42.368481
"28",42.599998,45.27,41.66,42.299999,23705300,41.067524
"29",41.57,42.23,40.59,41.139999,10849300,39.941319
"30",41.529999,41.75,40.73,40.919998,5794000,39.72773
"31",41.419998,41.450001,39.68,39.779999,8127100,38.620953
"32",39.240002,40.07,38.82,38.82,8180200,37.688919
"33",39.029999,39.049999,38.169998,38.740002,8582400,37.611256
"34",39.119999,39.540001,38.639999,39.279999,6340100,38.135521
"35",39.139999,39.700001,38.34,39.700001,8686000,38.543278
"36",39.380001,39.810001,38.82,39.599998,7786900,38.446194
"37",39.169998,39.34,38.330002,38.330002,7014000,37.213203
"38",38,38.169998,37.41,37.439999,5097500,36.349125
"39",37.400002,38.389999,37.169998,38.389999,6762400,37.27145
"40",38.029999,39.259998,37.900002,39.259998,6910500,38.1161
"41",39.220001,40.82,38.740002,40.299999,14589500,39.125805
"42",40.950001,41.200001,39.73,39.900002,9445500,38.737453
"43",40.32,40.349998,38.799999,38.98,8019800,37.844261
"44",38.68,39.279999,38.66,38.799999,6431800,37.66951
"45",39.52,39.549999,38.709999,38.82,6489600,37.688919
"46",38.610001,38.939999,38.43,38.470001,6248000,37.349117
"47",38.029999,38.130001,37.150002,37.150002,7284400,36.067581
"48",37.029999,37.34,36.860001,37.23,5068800,36.145252
"49",36.889999,37.900002,36.73,37.73,5603400,36.630684
"50",37.43,38.279999,37.369999,38.099998,6047500,36.989899
"51",37.959999,38.360001,37.75,38.189999,3999300,37.077278
"52",38.049999,38.130001,37.799999,38.119999,4528700,37.009312
"53",38.389999,39.66,38.360001,39.150002,7214300,38.009308
"54",39.029999,39.240002,38.830002,39.02,3623400,37.883095
"55",38.970001,39.18,38.290001,39.099998,5634600,38.036789
"56",39.869999,41.16,39.57,41.040001,10765200,39.924046
"57",40.91,42.900002,40.82,42.84,11249500,41.675098
"58",41.470001,42.380001,40.400002,40.48,9596300,39.379276
"59",40.18,42.43,40,41.91,9348400,40.77039
"60",41.849998,42.549999,41.240002,42.130001,9912100,40.984409
"61",41.740002,42.009998,40.400002,40.959999,7136300,39.846218
"62",41.27,43.709999,41.09,42.82,13090800,41.655643
"63",42.34,43.060001,41.599998,41.740002,8631900,40.605015
"64",43.049999,43.099998,40.619999,40.82,7690200,39.710026
"65",40.279999,40.650002,39.93,40.23,4092200,39.13607
"66",40.950001,42.560001,40.41,42,8853700,40.857944
"67",41.5,41.779999,40.400002,41.669998,5649100,40.536911
"68",40.580002,41,40.040001,40.330002,7446300,39.23336
"69",40.84,40.849998,40.169998,40.740002,5508000,39.632206
"70",40.290001,40.349998,39.75,40.07,4514000,38.980419
"71",39.630001,40.66,39.610001,40.330002,6190800,39.23336
"72",39.779999,40.060001,39.400002,39.68,7798500,38.601025
"73",39.080002,39.25,38.619999,38.82,5718500,37.764412
"74",38.669998,38.91,38.509998,38.759998,3251300,37.706047
"75",39.009998,39.540001,38.93,39.209999,4279400,38.143803
"76",39.220001,40.169998,39.169998,39.889999,4009100,38.805321
"77",39.669998,40.259998,39.509998,39.889999,3418200,38.805321
"78",39.549999,41.490002,39.48,40.970001,7993500,39.855949
"79",41.029999,41.650002,40.630001,40.790001,6146700,39.680843
"80",40.419998,40.59,39.68,39.959999,4180100,38.873413
"81",39.75,40.23,39.66,39.900002,4189000,38.815041
"82",39.700001,40.540001,39.5,40.540001,4117600,39.437637
"83",40.700001,41.25,40.34,40.380001,4336900,39.281998
"84",40.470001,41.07,40.18,40.950001,3780500,39.836491
"85",41.259998,42.23,40.889999,41.110001,7117300,39.992138
"86",41.48,41.59,39.830002,40.060001,8159100,38.970692
"87",39.77,40.040001,39.470001,39.799999,4301600,38.717762
"88",39.93,40.34,39.689999,39.810001,4022500,38.727493
"89",39.580002,39.759998,38.93,39.040001,5740700,37.978432
"90",38.82,38.84,38.209999,38.32,6532100,37.278008
"91",38.310001,38.450001,38.02,38.139999,3869400,37.102901
"92",37.959999,38.23,37.759998,38.07,3175800,37.034809
"93",38.48,38.889999,38.450001,38.59,6386800,37.540668
"94",38.59,38.59,38.130001,38.279999,3084500,37.23909
"95",38.389999,38.599998,38.009998,38.349998,3808800,37.30719
"96",38.450001,38.66,38.360001,38.540001,3362800,37.492031
"97",38.080002,38.189999,37.799999,37.990002,3292000,36.956982
"98",37.82,38.279999,37.73,38.209999,3795700,37.170994
"99",38.610001,38.650002,37.970001,37.98,4011500,36.94725
"100",38.130001,38.720001,38.040001,38.150002,3940600,37.112625
"101",38.310001,38.509998,38.150002,38.34,2945300,37.297462
"102",38.889999,39.59,38.630001,39.23,6499000,38.163258
"103",38.790001,38.830002,38.049999,38.189999,5282800,37.151543
"104",38.310001,38.869999,38.240002,38.720001,5064200,37.66713
"105",38.25,38.279999,37.830002,37.900002,3851000,36.869431
"106",37.689999,37.740002,37.490002,37.560001,2530900,36.53867
"107",37.529999,37.77,37.41,37.470001,2681000,36.451122
"108",37.349998,37.529999,36.849998,36.849998,2990200,35.84798
"109",36.759998,37.189999,36.669998,36.91,4118800,35.906353
"110",37.049999,37.110001,36.689999,36.700001,2932300,35.702061
"111",36.66,36.68,36.400002,36.610001,2063300,35.614502
"112",36.5,36.709999,36.41,36.490002,2132800,35.497768
"113",36.439999,36.82,36.369999,36.77,3525500,35.770153
"114",36.529999,36.759998,36.419998,36.580002,2765900,35.585316
"115",36.799999,37.150002,36.59,36.650002,3875000,35.653423
"116",37.130001,37.27,36.799999,36.82,2994600,35.818794
"117",37.529999,37.650002,37.060001,37.139999,4071700,36.130093
"118",36.799999,36.98,36.689999,36.880001,2901600,35.99638
"119",36.91,37.509998,36.889999,37.349998,4999200,36.455116
"120",36.959999,37.299999,36.939999,37.259998,3563900,36.367268
"121",37.59,38.759998,37.549999,38.259998,9987400,37.343311
"122",38.080002,38.310001,37.82,38.110001,3906000,37.196907
"123",37.93,38.77,37.459999,38.740002,7766800,37.811813
"124",38.799999,38.990002,38.060001,38.279999,7102200,37.362831
"125",37.939999,38.220001,37.529999,38.220001,5009600,37.304276
"126",38.720001,38.779999,37.990002,38.040001,4135400,37.128582
"127",37.77,38.439999,37.740002,38.330002,2203100,37.411636
"128",38,38.310001,37.68,37.709999,4847600,36.806492
"129",37.700001,37.82,36.959999,37.080002,6436400,36.191586
"130",36.759998,36.779999,36.41,36.419998,3605100,35.547401
"131",36.299999,36.369999,36.119999,36.169998,5492300,35.303387
"132",36.610001,36.779999,36.380001,36.689999,6584100,35.810928
"133",36.330002,36.5,36.029999,36.060001,4007600,35.196018
"134",36.099998,36.23,35.900002,35.98,4064600,35.117939
"135",35.98,36.18,35.939999,36.049999,2457600,35.18626
"136",36.279999,36.299999,35.650002,35.740002,3408200,34.883698
"137",35.73,35.869999,35.59,35.619999,2580600,34.766563
"138",35.830002,36.040001,35.709999,35.889999,4030100,35.030094
"139",35.959999,36.029999,35.790001,35.98,3929000,35.117939
"140",36.060001,36.150002,35.810001,35.849998,2139000,34.991051
"141",35.470001,35.759998,35.27,35.529999,4210100,34.678719
"142",35.599998,35.599998,34.82,34.869999,4522700,34.034538
"143",35.099998,35.139999,34.889999,35.080002,2404800,34.239506
"144",35,35.82,34.98,35.560001,5495400,34.708008
"145",35.57,36.09,35.5,35.950001,4776500,35.088661
"146",35.740002,35.84,35.419998,35.619999,4379500,34.766563
"147",35.549999,35.91,35.400002,35.700001,4361500,34.84465
"148",36.119999,36.169998,35.290001,35.360001,3961500,34.512798
"149",35.310001,35.369999,35.040001,35.040001,3278100,34.200462
"150",35.060001,35.150002,34.720001,34.779999,2728800,33.946693
"151",34.610001,34.650002,34.459999,34.560001,2931600,33.73196
"152",34.630001,34.73,34.490002,34.610001,2305800,33.780766
"153",34.599998,34.75,34.490002,34.720001,1945700,33.88813
"154",35.130001,35.380001,34.970001,35.200001,5972700,34.356628
"155",35.130001,35.540001,34.939999,35.470001,4046500,34.620159
"156",35.25,35.349998,34.950001,35.02,2860800,34.180935
"157",35.369999,35.939999,35.349998,35.529999,7290400,34.678719
"158",35.119999,35.139999,34.73,34.970001,3556000,34.132141
"159",35.060001,35.139999,34.610001,34.73,3913600,33.897892
"160",34.599998,34.740002,34.509998,34.580002,2008200,33.751488
"161",34.470001,34.490002,34.189999,34.459999,3277300,33.634361
"162",34.57,34.619999,34.34,34.48,2494300,33.653881
"163",34.560001,34.66,34.310001,34.57,3341900,33.741722
"164",34.419998,34.439999,34.139999,34.169998,3131800,33.351303
"165",33.869999,33.889999,33.610001,33.66,3130000,32.853527
"166",33.5,33.73,33.490002,33.630001,3372200,32.824249
"167",33.560001,33.619999,33.189999,33.25,2797600,32.45335
"168",33.389999,33.689999,33.290001,33.549999,3389400,32.746159
"169",33.669998,33.779999,33.43,33.549999,4631200,32.746159
"170",33.650002,33.919998,33.57,33.639999,3313100,32.834007
"171",33.77,34.110001,33.709999,33.84,5640200,33.029213
"172",33.830002,34.330002,33.75,34.060001,4146200,33.243946
"173",34.34,34.41,33.939999,34.23,4567900,33.40987
"174",33.939999,34.139999,33.869999,34.09,2617400,33.273228
"175",34.259998,34.360001,33.75,33.830002,2526400,33.019459
"176",33.869999,34.07,33.689999,33.860001,3281600,33.048737
"177",33.599998,33.66,33.41,33.470001,2855700,32.668079
"178",33.41,33.669998,33.380001,33.439999,2551700,32.638798
"179",33.5,33.900002,33.48,33.84,2843100,33.029213
"180",33.759998,33.779999,33.32,33.450001,2588300,32.648552
"181",33.470001,33.490002,33.290001,33.400002,2228400,32.599758
"182",33.099998,33.110001,32.779999,32.860001,6766700,32.072693
"183",32.669998,32.970001,32.650002,32.93,3317200,32.141018
"184",33.07,33.299999,33.040001,33.139999,3542400,32.345989
"185",33.040001,33.279999,33.02,33.23,1877500,32.43383
"186",33.040001,33.349998,32.709999,33.25,3656600,32.622204
"187",33.130001,33.220001,32.799999,33.080002,2280400,32.455414
"188",33.240002,33.25,32.959999,33.099998,3065700,32.47504
"189",32.77,33.029999,32.59,32.869999,2917500,32.249378
"190",32.889999,32.990002,32.720001,32.889999,2566400,32.269001
"191",32.650002,32.959999,32.529999,32.860001,2903100,32.239567
"192",33.009998,33.790001,32.990002,33.369999,7263200,32.739941
"193",33.360001,34.150002,33.220001,33.759998,8313300,33.122574
"194",33.98,34.330002,33.689999,33.779999,7823700,33.142193
"195",33.889999,34.040001,33.549999,33.869999,3994000,33.230499
"196",34.029999,36.139999,34.02,36.060001,15820200,35.379143
"197",36.330002,38.110001,35.889999,37.610001,32491500,36.899887
"198",36.380001,37.599998,36.290001,36.580002,18589100,35.889332
"199",36.73,37.049999,36.330002,37,8362600,36.301399
"200",36.439999,36.57,35.299999,35.439999,7451500,34.770855
"201",35.41,36.130001,35.23,35.419998,7504600,34.751228
"202",35.689999,36.810001,35.52,36.43,12940200,35.742161
"203",36.25,36.689999,35.689999,36.5,8604700,35.810841
"204",36.299999,36.990002,36.209999,36.810001,6560700,36.114986
"205",37.919998,38.540001,36.880001,37.25,14118400,36.54668
"206",37.27,39.639999,37.169998,39.490002,15893600,38.744389
"207",38.889999,39.220001,37.549999,38.040001,11123700,37.321766
"208",39.259998,40.27,38.450001,39.43,30635300,38.685524
"209",38.389999,41.060001,37.970001,39.869999,15974200,39.11721
"210",39.91,40.099998,38.580002,38.68,13627900,37.94968
"211",37.830002,38.009998,37.110001,37.830002,10921400,37.11573
"212",37.599998,37.939999,37.009998,37.07,7317200,36.370075
"213",36.75,38.139999,36.619999,37.549999,10077200,36.841015
"214",37.400002,37.68,36.950001,37.09,5274800,36.389702
"215",37.139999,37.150002,36.599998,36.639999,3760300,35.948193
"216",36,36.130001,35.060001,35.119999,7836300,34.456894
"217",35.32,35.560001,35.049999,35.25,6862900,34.584442
"218",35.619999,36.330002,35.57,35.91,7394200,35.231979
"219",36.099998,37.43,36.009998,37.299999,9284400,36.595737
"220",37.150002,37.639999,36.529999,37.419998,8476600,36.71347
"221",36.830002,38.419998,36.73,37.950001,10693000,37.233467
"222",38.369999,38.849998,37.02,37.169998,10610100,36.468189
"223",37.549999,37.669998,36.720001,36.990002,9019000,36.291592
"224",37.169998,38.52,37.09,38.240002,8805400,37.517986
"225",39.32,39.959999,38.849998,39.650002,13080600,38.901367
"226",39.16,39.419998,38.790001,39.400002,4799400,38.656086
"227",39.970001,40.009998,39.490002,39.919998,2468000,39.16626
"228",39.189999,39.330002,38.669998,38.689999,4800700,37.959492
"229",39.009998,39.209999,38.43,38.459999,4924800,37.733833
"230",38.099998,38.389999,36.669998,36.689999,9129000,35.997253
"231",36.889999,37.240002,36.41,36.82,5318000,36.124798
"232",36.93,36.98,36.220001,36.34,3960300,35.653862
"233",35.189999,35.900002,35.139999,35.470001,5435600,34.800289
"234",35.68,37.830002,35.57,37.66,10831900,36.94894
"235",38.98,39.959999,37.84,37.84,15887500,37.125538
"236",38.009998,39.91,37.5,39.639999,12394000,38.891552
"237",39.790001,41.16,39.189999,39.490002,12702100,38.744389
"238",38.470001,40,38.389999,39.5,10058900,38.7542
"239",38.509998,39.130001,38.07,39.09,8224400,38.35194
"240",38.810001,39.52,38.529999,39.130001,9206500,38.391186
"241",39.900002,40.799999,39.560001,40.599998,8825400,39.833431
"242",40.950001,42.790001,40.560001,42.259998,11839000,41.462086
"243",41.639999,42.880001,41.369999,42.310001,8663100,41.511143
"244",42.290001,44.220001,40.900002,43.68,13721900,42.855278
"245",44.099998,45.919998,43.48,45.009998,18720400,44.16016
"246",44.720001,47.16,43.610001,46.889999,16260000,46.004669
"247",47.549999,49.43,47.07,49.43,11111900,48.496712
"248",48.529999,49.470001,44.32,44.330002,16020000,43.648422
"249",45.549999,46.880001,43.580002,43.580002,7885700,42.90995
"250",43.099998,44.189999,42.459999,43.709999,9890900,43.037945
"251",43.099998,43.830002,42.889999,42.919998,4625800,42.260094
"252",44.330002,44.349998,42.540001,42.880001,7162500,42.220711
"253",43.549999,45.150002,43.48,44.990002,10146600,44.298275
"254",43.73,43.880001,41.700001,41.939999,8950700,41.295162
"255",41.84,42.18,40.779999,41.330002,5029400,40.694542
"256",40.5,41.419998,40.349998,40.549999,5112500,39.926533
"257",40.27,40.720001,39.860001,40.169998,5726600,39.552372
"258",40.700001,40.93,39.810001,39.869999,8460700,39.256989
"259",40.259998,40.470001,39.869999,39.880001,4252900,39.266838
"260",40.529999,40.66,40.09,40.34,3581700,39.719765
"261",40.23,40.23,39.34,39.459999,5164800,38.853294
"262",39.299999,39.380001,38.970001,39.279999,4826200,38.676056
"263",39.580002,39.59,38.41,38.689999,5985800,38.095127
"264",38.119999,38.360001,37.529999,37.700001,6542000,37.120354
"265",38.150002,39.200001,38.080002,38.68,8300600,38.085289
"266",38.349998,39.349998,38.139999,38.57,6496900,37.976974
"267",38.599998,38.950001,38.330002,38.5,4618500,37.908054
"268",37.919998,38.07,37.610001,37.84,6068700,37.258202
"269",38.560001,39.02,38.439999,38.450001,5559000,37.858826
"270",38.43,38.830002,38.240002,38.57,3010600,37.976974
"271",38.07,38.330002,37.080002,37.349998,6775400,36.775738
"272",37.389999,37.450001,36.580002,36.73,4874600,36.165268
"273",36.68,36.919998,36.380001,36.68,3829500,36.116035
"274",36.689999,36.880001,36.169998,36.18,2484100,35.623726
"275",36.049999,36.200001,35.790001,35.860001,3694600,35.308643
"276",35.98,36.200001,35.84,35.970001,3410100,35.416954
"277",36.490002,37.169998,36.32,36.669998,7778300,36.10619
"278",37.09,37.32,36.59,36.610001,6093200,36.047115
"279",36.41,36.73,36.34,36.560001,3351700,35.997883
"280",36.080002,36.119999,35.52,35.630001,4524700,35.08218
"281",35.389999,35.52,35.169998,35.41,4911400,34.865559
"282",35.740002,35.970001,35.27,35.610001,6975800,35.062489
"283",35.080002,35.150002,34.82,34.82,5321000,34.28463
"284",35.049999,35.060001,34.529999,34.700001,3309400,34.166481
"285",34.73,34.860001,34.459999,34.580002,3613200,34.048328
"286",34.759998,35.110001,34.669998,34.84,5043800,34.304329
"287",34.669998,34.740002,34.369999,34.41,3832900,33.880936
"288",34.029999,34.349998,33.880001,34.310001,4323900,33.782475
"289",34.450001,34.48,34.150002,34.389999,4412700,33.861248
"290",34.599998,34.849998,34.330002,34.41,4121500,33.880936
"291",34.5,34.650002,34.380001,34.59,3169600,34.058174
"292",34.130001,34.540001,34.029999,34.130001,4668900,33.605247
"293",33.849998,35.02,33.799999,34.400002,7823500,33.871098
"294",34.369999,34.650002,34.310001,34.490002,4395500,33.959709
"295",34.470001,35.009998,34.470001,34.939999,5039000,34.402786
"296",35.07,35.759998,35.040001,35.5,10397400,34.954182
"297",36.07,36.200001,35.630001,35.66,6565500,35.111717
"298",35.470001,35.48,34.599998,34.619999,5526100,34.087708
"299",34.490002,34.549999,34.240002,34.400002,4942900,33.871098
"300",34.150002,34.200001,33.68,33.939999,6294500,33.418167
"301",33.950001,34.110001,33.84,33.990002,3121900,33.467396
"302",33.84,33.91,33.459999,33.66,4992600,33.142471
"303",33.630001,33.68,33.349998,33.419998,3091100,32.906162
"304",33.18,33.66,32.959999,33.400002,5964700,32.886471
"305",33.419998,33.830002,33.080002,33.549999,7784500,33.123417
"306",33.779999,33.779999,32.700001,32.790001,7180600,32.373081
"307",33.169998,34.09,33.02,34.060001,11605800,33.62693
"308",34.169998,34.470001,33.849998,34.119999,11315000,33.686165
"309",33.650002,34.009998,33.369999,33.66,7308000,33.232014
"310",33.630001,34.389999,33.490002,33.959999,8696100,33.528202
"311",33.830002,34.150002,33.619999,33.720001,6749500,33.291252
"312",33.34,33.650002,33.25,33.290001,5030000,32.866722
"313",32.810001,32.880001,32.470001,32.509998,5139600,32.096638
"314",32.509998,32.720001,32.470001,32.509998,2810200,32.096638
"315",32.209999,32.580002,32.119999,32.389999,4821700,31.978168
"316",32.349998,32.529999,32.200001,32.25,3603000,31.839945
"317",32.099998,32.169998,31.959999,31.99,3551500,31.583252
"318",32.09,32.240002,31.9,31.91,3718200,31.504269
"319",32.18,32.389999,32.080002,32.259998,4008800,31.849819
"320",32.150002,32.259998,32.02,32.029999,2745500,31.622742
"321",31.940001,32.209999,31.940001,32.060001,3533800,31.652363
"322",31.690001,31.84,31.58,31.65,3867900,31.247574
"323",31.629999,31.879999,31.610001,31.68,2515600,31.277193
"324",31.49,31.799999,31.469999,31.66,2416000,31.257446
"325",31.4,31.93,31.4,31.809999,3484800,31.405539
"326",31.700001,32.02,31.65,31.719999,3505400,31.316685
"327",31.92,31.93,31.629999,31.65,2438400,31.247574
"328",31.57,31.639999,31.049999,31.1,4138400,30.704567
"329",31.129999,31.280001,31.049999,31.23,2094800,30.832914
"330",31.280001,31.58,31.139999,31.290001,3380900,30.892151
"331",31.299999,31.49,31,31.01,2570100,30.615711
"332",30.99,31.02,30.799999,30.93,2347400,30.53673
"333",31.02,31.34,30.84,30.93,3293500,30.53673
"334",30.75,31.370001,30.719999,31.35,6361700,30.951389
"335",31.42,31.870001,31.190001,31.51,5909100,31.109354
"336",31.17,31.23,30.84,30.9,3581900,30.507111
"337",31.93,31.99,31.07,31.17,5637800,30.773678
"338",31.73,32.669998,31.610001,32.18,8685400,31.770836
"339",32.310001,32.470001,31.889999,32.290001,7212800,31.879438
"340",32.860001,33.290001,32.380001,32.490002,9892900,32.076897
"341",32.77,33.529999,32.02,32.220001,9756900,31.810328
"342",33.490002,34.049999,33.25,33.830002,11267100,33.399857
"343",33.57,33.610001,32.830002,33.240002,6791700,32.81736
"344",33.66,33.73,32.689999,32.84,7321100,32.422447
"345",32.68,32.709999,31.92,32.27,5998000,31.859692
"346",32.849998,32.849998,32.07,32.669998,6937400,32.254604
"347",33.099998,33.310001,32.790001,33.139999,7630400,32.718628
"348",32.700001,32.759998,32.439999,32.540001,3901400,32.126259
"349",32.790001,32.860001,32.509998,32.720001,5036700,32.303974
"350",33.330002,33.93,33.32,33.560001,9564100,33.133289
"351",33.200001,33.599998,33.09,33.439999,5098300,33.014812
"352",33.369999,34.060001,33.110001,34.029999,4753400,33.597313
"353",34.380001,34.900002,34.259998,34.490002,9147800,34.051464
"354",34.32,34.66,34.110001,34.34,8160400,33.903374
"355",35.07,35.290001,34.830002,35.240002,8650200,34.791931
"356",35.279999,35.860001,34.970001,35.48,10907800,35.028873
"357",34.830002,34.950001,33.900002,33.93,8862100,33.498581
"358",33.509998,34,33.349998,33.360001,6550600,32.935833
"359",33.279999,33.470001,32.759998,32.950001,6393300,32.531048
"360",32.689999,32.73,32,32.279999,7370400,31.869564
"361",31.9,32.009998,31.58,32,6132600,31.593124
"362",31.549999,32.18,31.459999,32.009998,4839600,31.602995
"363",32.09,32.27,31.940001,32.139999,3104500,31.731344
"364",31.92,32.099998,31.790001,31.85,3876500,31.445032
"365",31.969999,32.150002,31.82,31.98,3270600,31.573378
"366",31.91,31.99,31.76,31.92,2758900,31.514141
"367",31.51,31.58,31.030001,31.299999,6686700,30.902023
"368",31.26,31.469999,31.01,31.129999,4868100,30.734184
"369",30.530001,31.040001,30.469999,30.549999,5839000,30.16156
"370",30.639999,30.709999,30.34,30.639999,3996400,30.250416
"371",30.620001,30.780001,30.540001,30.73,2519300,30.339272
"372",30.610001,31.23,30.59,31.200001,5062900,30.94832
"373",31,31.290001,30.870001,31.25,2853300,30.997917
"374",31.09,31.18,30.940001,31.059999,3025900,30.809448
"375",30.84,30.959999,30.639999,30.719999,3473100,30.472191
"376",29.98,30.469999,29.940001,30.219999,6300900,29.976225
"377",30.23,30.41,30.049999,30.049999,4147000,29.807594
"378",29.92,29.940001,29.58,29.59,3623300,29.351307
"379",29.860001,30.139999,29.620001,29.67,4139400,29.430662
"380",29.959999,30.1,29.889999,29.99,3602700,29.748081
"381",30.26,30.26,29.85,29.9,2587000,29.658806
"382",29.67,29.809999,29.43,29.639999,4904200,29.400904
"383",29.5,29.73,29.459999,29.5,3724200,29.262032
"384",29.41,29.48,29.24,29.26,3103400,29.02397
"385",29.18,29.35,29.17,29.23,1943100,28.994211
"386",29.26,29.5,29.219999,29.440001,3723900,29.202518
"387",29.459999,29.84,29.42,29.83,3560500,29.589371
"388",29.969999,30.07,29.549999,29.629999,4640000,29.390984
"389",29.41,30.02,29.4,29.969999,4452600,29.728241
"390",29.870001,30.01,29.709999,29.84,2884100,29.599291
"391",29.59,29.77,29.41,29.43,3494600,29.192598
"392",29.58,29.6,29.15,29.16,3400800,28.924776
"393",29.23,29.6,29.23,29.43,4219500,29.192598
"394",29.280001,29.309999,29,29.049999,3228800,28.815662
"395",29.08,29.27,29.059999,29.139999,2531300,28.904936
"396",29.459999,29.540001,29.209999,29.290001,2909600,29.053728
"397",29.26,30.379999,29.209999,29.959999,8284100,29.718323
"398",29.93,30.66,29.27,30.459999,13469700,30.214289
"399",30.700001,31.309999,30.65,30.940001,10744300,30.690418
"400",31.91,33.25,31.9,32.759998,14844900,32.495731
"401",32.34,32.720001,31.860001,31.92,8993200,31.662512
"402",32.66,33.189999,31.700001,31.860001,12050400,31.602997
"403",31.530001,31.66,30.66,30.66,9024700,30.412674
"404",30.879999,31.48,30.73,31.059999,8680300,30.809448
"405",31.440001,32.049999,31.299999,31.83,7118000,31.573238
"406",31.93,32,30.51,30.85,9766400,30.601143
"407",31.799999,32.709999,31.66,32.700001,16859900,32.436218
"408",32.450001,33.040001,32.299999,32.509998,16835400,32.247749
"409",32.110001,32.110001,31.459999,31.559999,6029600,31.305414
"410",30.83,31.01,30.66,30.799999,7215600,30.551546
"411",30.92,31.32,30.809999,31.309999,4946300,31.057432
"412",30.790001,30.950001,30.690001,30.809999,4578600,30.561464
"413",30.65,31.219999,30.49,30.82,6991800,30.571384
"414",31.110001,32.700001,30.74,32.41,20690700,32.14856
"415",31.860001,32.240002,31.690001,31.690001,7667300,31.434366
"416",31.35,32.130001,31.26,31.940001,8177400,31.68235
"417",32.110001,32.310001,31.469999,31.5,6582800,31.245899
"418",30.91,31.139999,30.59,30.700001,7668200,30.452354
"419",30.379999,30.959999,30.360001,30.73,6758900,30.482111
"420",31.15,31.41,30.93,31.09,6758700,30.839209
"421",30.6,30.780001,30.4,30.43,4341000,30.18453
"422",29.85,29.879999,29.43,29.639999,6835200,29.400904
"423",29.549999,29.719999,29.459999,29.57,4242700,29.331469
"424",29.379999,29.780001,29.360001,29.57,3150000,29.331469
"425",29.75,30.01,29.559999,29.559999,4599800,29.321548
"426",29.52,29.66,29.15,29.15,4509500,28.914856
"427",28.99,29.139999,28.75,28.969999,8028000,28.736307
"428",28.9,29.1,28.82,29.040001,3023900,28.805744
"429",29.280001,29.34,29.110001,29.200001,4241400,28.964453
"430",29.26,29.280001,29.040001,29.049999,3782300,28.815662
"431",29.15,29.58,29.01,29.030001,6380500,28.795826
"432",28.950001,29.120001,28.75,29.040001,4047600,28.805744
"433",28.91,29.49,28.870001,29.370001,6265600,29.133081
"434",29.48,29.530001,29.200001,29.33,3391700,29.093405
"435",29.120001,30.01,29.030001,29.809999,12352300,29.569532
"436",29.690001,30,29.24,29.33,6634800,29.219851
"437",29.33,29.780001,29.290001,29.459999,6727300,29.349361
"438",29.299999,30.129999,29.299999,29.809999,15889400,29.698048
"439",29.700001,29.700001,29.370001,29.5,5348000,29.389212
"440",29.34,30.280001,29.200001,30.24,17070800,30.126432
"441",30.6,31.6,30.6,31.309999,15255400,31.192415
"442",31.360001,32.02,30.799999,30.799999,13614400,30.68433
"443",30.65,30.66,29.92,29.959999,7473000,29.847485
"444",30.139999,30.299999,29.799999,30.219999,7419000,30.106508
"445",30.67,31.18,30.49,31.16,11588100,31.042978
"446",30.700001,30.84,30.370001,30.59,6382500,30.475119
"447",30.629999,30.67,29.99,30.18,6691100,30.06666
"448",29.57,29.59,29.07,29.559999,12234500,29.448986
"449",29.65,29.700001,29.5,29.629999,4472000,29.518723
"450",29.41,29.43,28.889999,29.030001,9900900,28.920979
"451",29.15,29.24,29,29.129999,4000200,29.020601
"452",28.91,29.129999,28.799999,28.98,4656200,28.871164
"453",29.09,29.440001,28.969999,29.23,5381600,29.120226
"454",28.959999,29.059999,28.809999,28.84,4640300,28.731691
"455",28.74,29.07,28.690001,29.040001,4793700,28.930941
"456",29.110001,29.15,28.870001,28.870001,3497900,28.76158
"457",28.68,28.969999,28.66,28.780001,4709100,28.671917
"458",28.92,28.92,28.450001,28.559999,5109100,28.452742
"459",28.309999,28.32,28.139999,28.25,4030400,28.143908
"460",28.299999,28.34,28.08,28.280001,5259400,28.173796
"461",28.24,28.5,28.030001,28.08,5706200,27.974545
"462",28.120001,28.549999,28.120001,28.26,6321800,28.15387
"463",27.98,28,27.73,27.75,5035200,27.645784
"464",27.42,27.59,27.41,27.52,4203000,27.416649
"465",27.469999,27.65,27.43,27.58,3769600,27.476423
"466",27.58,27.76,27.530001,27.57,4440100,27.466461
"467",27.33,27.48,27.17,27.389999,7065100,27.287136
"468",27.450001,27.6,27.26,27.26,4085100,27.157625
"469",27.530001,27.559999,27.33,27.370001,3347700,27.267212
"470",27.299999,27.41,27.08,27.26,5013500,27.157625
"471",27.459999,27.5,27.17,27.23,5290700,27.127737
"472",27.299999,27.43,27.16,27.17,4326100,27.067963
"473",26.92,27.040001,26.77,26.780001,5820500,26.679428
"474",26.82,26.91,26.700001,26.73,4077600,26.629614
"475",26.639999,26.889999,26.629999,26.780001,4517600,26.679428
"476",26.879999,27.26,26.780001,26.969999,7401400,26.868713
"477",26.959999,27.209999,26.92,27.040001,4671900,26.938452
"478",26.92,27.129999,26.9,26.93,3768400,26.828865
"479",26.77,26.780001,26.52,26.540001,3677700,26.440331
"480",26.51,26.58,26.379999,26.42,3907900,26.32078
"481",26.33,26.379999,26.190001,26.190001,4168000,26.091644
"482",26.280001,26.42,26.24,26.389999,2563200,26.290892
"483",26.33,26.91,26.33,26.84,7827500,26.739202
"484",27.370001,27.620001,27.18,27.219999,9014400,27.117775
"485",27.01,27.07,26.75,26.860001,3939200,26.759127
"486",26.75,27.030001,26.74,26.780001,5929700,26.679428
"487",26.41,26.43,26.209999,26.299999,6061100,26.201229
"488",26.360001,26.459999,26.24,26.450001,2747100,26.350668
"489",26.469999,26.639999,26.35,26.530001,3740600,26.430367
"490",26.440001,26.51,26.33,26.379999,2940800,26.28093
"491",26.379999,26.43,25.780001,25.940001,9402500,25.842583
"492",25.969999,26.110001,25.67,25.889999,7912500,25.792768
"493",25.59,25.59,25.43,25.530001,3936000,25.434122
"494",25.469999,25.540001,25.42,25.530001,3713100,25.434122
"495",25.450001,25.540001,25.42,25.530001,2339600,25.434122
"496",25.5,25.52,25.32,25.33,3264400,25.234873
"497",25.15,25.16,25,25.09,5482500,24.995775
"498",24.98,25.07,24.969999,25.030001,2589900,24.936001
"499",24.92,25.01,24.91,24.950001,1271900,24.950001
"500",24.889999,24.889999,24.690001,24.700001,2553200,24.700001
"501",24.57,24.799999,24.57,24.700001,3718700,24.700001
"502",24.700001,25.07,24.68,24.98,5761300,24.98
"503",25.09,25.129999,24.83,24.860001,4775200,24.860001
"504",24.6,24.780001,24.41,24.41,4867200,24.41
"505",24.98,24.99,24.6,24.74,6000500,24.74
"506",25.1,25.1,24.58,24.610001,4922000,24.610001
"507",24.709999,24.82,24.610001,24.74,3128900,24.74
"508",24.709999,24.75,24.280001,24.49,7376100,24.49
"509",24.219999,24.32,24.15,24.16,6497800,24.16
"510",24.059999,24.370001,24.040001,24.299999,5887428,24.299999
