"","Open","High","Low","Close"
"1",2773.5,2773.75,2772.25,2772.75
"2",2772.75,2773.25,2771.5,2772
"3",2772,2773.25,2771.75,2773
"4",2773,2774.75,2772.5,2774.5
"5",2774.5,2774.75,2772,2774
"6",2773.75,2774,2772.75,2773.75
"7",2774,2774.5,2773.25,2773.5
"8",2773.5,2775.25,2773.5,2775.25
"9",2775,2776,2774.25,2774.5
"10",2774.5,2775.25,2771.5,2773
"11",2773,2774,2770.5,2773.25
"12",2773.5,2774.5,2771.5,2771.75
"13",2771.75,2773,2771.25,2772.25
"14",2772.25,2773,2772,2772
"15",2772.25,2773.25,2772.25,2773.25
"16",2773,2773.75,2771.5,2772
"17",2772,2773.5,2771,2773.25
"18",2773.25,2773.75,2772.5,2773
"19",2772.75,2773.25,2772,2772.25
"20",2772.25,2772.75,2772,2772.5
"21",2772.5,2773,2772.25,2773
"22",2773.25,2773.5,2772.25,2772.5
"23",2772.5,2772.5,2771.5,2771.75
"24",2771.75,2772.5,2771.75,2772
"25",2772.25,2772.5,2771.75,2771.75
"26",2771.75,2772.5,2770.75,2770.75
"27",2771,2775.25,2771,2775.25
"28",2775.25,2775.5,2774.5,2774.75
"29",2774.75,2775.25,2773.75,2774.75
"30",2774.75,2775,2774,2775
"31",2775.25,2775.75,2774.75,2775
"32",2775,2776.75,2775,2776.5
"33",2776.5,2777.25,2774,2774.75
"34",2775,2775.5,2773.75,2775
"35",2775.25,2776,2774.75,2775.25
"36",2775.5,2777,2775.25,2776.5
"37",2776.25,2778,2775.5,2777
"38",2777,2778.25,2776.5,2776.75
"39",2776.75,2780.25,2776.75,2779.75
"40",2780,2782.75,2779.75,2782
"41",2782,2782.5,2780.25,2782
"42",2782,2784.25,2781.25,2781.5
"43",2781.5,2783.75,2781.25,2781.5
"44",2781.5,2783,2780.75,2782.25
"45",2782.25,2783.25,2781.25,2783
"46",2783,2783.75,2782.25,2782.5
"47",2782.5,2784,2782.5,2784
"48",2783.75,2786.25,2783.5,2784.75
"49",2784.75,2785.75,2784,2785
"50",2785,2786,2784.5,2784.5
"51",2784.75,2787.75,2784.25,2787
"52",2787,2787.25,2784.75,2786.5
"53",2786.5,2787,2785,2786.5
"54",2786.25,2786.5,2784.75,2784.75
"55",2784.75,2785.75,2784.75,2785.5
"56",2785.25,2785.25,2784.5,2785
"57",2785.25,2786,2784,2785.5
"58",2785.5,2785.75,2784.25,2784.25
"59",2784.25,2784.75,2781.75,2782.5
"60",2782.5,2782.75,2780.5,2781.25
"61",2781.25,2784,2781,2783.5
"62",2783.5,2784,2781.75,2782
"63",2781.75,2784.25,2778.75,2781
"64",2781,2785.5,2780.75,2785.5
"65",2785.5,2786.75,2783.5,2785
"66",2785.25,2787.25,2783.5,2785
"67",2785,2786,2783.25,2785.5
"68",2785.75,2789.25,2784.75,2788.25
"69",2788.25,2790,2786.75,2789.75
"70",2790,2793.25,2789,2792.25
"71",2792.25,2793.75,2791.25,2791.5
"72",2791.5,2792.5,2790,2791.75
"73",2791.75,2794.5,2791.25,2791.75
"74",2792,2792,2790,2790.75
"75",2790.75,2791,2789.5,2790.75
"76",2790.75,2791.25,2789.25,2790.75
"77",2790.5,2791,2787.5,2788
"78",2788.25,2789.5,2787,2789.5
"79",2789.5,2790.75,2788.5,2788.75
"80",2788.75,2790,2788.25,2789.75
"81",2790,2792.25,2788.75,2791.5
"82",2791.75,2791.75,2788,2788.25
"83",2788.25,2789.25,2781.25,2783
"84",2783,2785.5,2781.5,2783
"85",2782.75,2787.25,2782,2786.75
"86",2786.75,2790.5,2785.75,2789.75
"87",2789.75,2789.75,2786.5,2789
"88",2789.25,2793,2787.25,2792.25
"89",2792,2792.75,2789.5,2791.75
"90",2791.5,2791.5,2791.5,2791.5
"91",2791.5,2793.25,2791.5,2793.25
"92",2793.25,2795.5,2793,2795.25
"93",2799.5,2803.5,2797.75,2799
"94",2799,2800,2798.25,2799
"95",2799,2799.75,2798.75,2799.25
"96",2799.25,2801,2799,2800.75
"97",2800.75,2801.5,2799.25,2799.25
"98",2799.25,2800,2798.5,2799.75
"99",2800,2801,2799.5,2800.5
"100",2800.25,2801.25,2800.25,2800.5
"101",2800.5,2800.75,2799.5,2800.5
"102",2800.75,2801.25,2799.75,2801.25
"103",2801,2802.5,2800,2802.25
"104",2802,2802.5,2799,2799.75
"105",2799.75,2800.75,2799.25,2800.5
"106",2800.5,2801.25,2799.5,2801.25
"107",2801.25,2801.25,2794.75,2795.25
"108",2795.25,2797,2794.5,2797
"109",2797,2797.25,2796.25,2797.25
"110",2797.25,2797.75,2797,2797.5
"111",2797.75,2797.75,2796.5,2797.25
"112",2797.25,2798.25,2797,2797.5
"113",2797.5,2798,2797.25,2797.75
"114",2797.75,2797.75,2797.25,2797.5
"115",2797.5,2797.75,2796,2797.5
"116",2797.25,2798.5,2797.25,2798.5
"117",2798.5,2799.25,2798,2798
"118",2798.25,2798.75,2798,2798.25
"119",2798.25,2798.5,2796.5,2797
"120",2797.25,2797.25,2796.25,2797.25
"121",2797.25,2798.5,2796.75,2798.25
"122",2798.25,2799.5,2797.75,2799
"123",2798.75,2800.5,2798.75,2800
"124",2800,2800.25,2799.5,2799.75
"125",2800,2801,2799,2800.75
"126",2800.75,2801,2799.25,2799.5
"127",2799.5,2801.25,2799.5,2800.25
"128",2800.5,2801.25,2800.25,2800.25
"129",2800.5,2802.75,2799.75,2800.5
"130",2800.5,2800.75,2797.75,2798.5
"131",2798.25,2799.5,2798.25,2799
"132",2799,2800.5,2798.75,2800
"133",2800,2801,2799.75,2801
"134",2801,2802.25,2800.5,2802
"135",2802,2802.5,2801.25,2802
"136",2801.75,2802.25,2800.25,2800.75
"137",2801,2802.25,2800.5,2802.25
"138",2802.25,2803.75,2802,2802.5
"139",2802.25,2803.75,2802.25,2803
"140",2803,2804.5,2802.75,2804.25
"141",2804,2804.75,2803.5,2804
"142",2804,2805.5,2803.5,2804.5
"143",2804.5,2805.5,2803.75,2804
"144",2804.25,2804.5,2803.25,2804
"145",2804.25,2804.25,2802.75,2803
"146",2803,2804,2803,2803.25
"147",2803.5,2803.75,2803,2803.5
"148",2803.25,2804.5,2803.25,2804.25
"149",2804.5,2805.25,2804,2804.75
"150",2804.75,2805.25,2804.5,2804.75
"151",2805,2806,2804.5,2805.25
"152",2805,2807.75,2805,2807.5
"153",2807.75,2808.5,2807.5,2808
"154",2807.75,2809.25,2807.5,2808
"155",2808,2810.5,2807.25,2809.25
"156",2809.25,2811.5,2806.75,2807
"157",2807,2810,2805.25,2809.75
"158",2809.75,2810.75,2805.25,2806.75
"159",2806.75,2809.75,2804.75,2809.75
"160",2809.5,2813.75,2808.75,2813
"161",2812.75,2814,2811.25,2811.75
"162",2811.75,2811.75,2808.75,2809.5
"163",2809.5,2811.5,2808.5,2811.25
"164",2811,2812,2808.5,2810
"165",2810,2810.5,2808.25,2809.5
"166",2809.75,2810,2805.25,2806.25
"167",2806.25,2807,2805,2806.25
"168",2806.25,2806.25,2801.5,2803.25
"169",2803.5,2805,2802.75,2803.25
"170",2803.25,2805,2802,2802.25
"171",2802.25,2803,2800.25,2802.75
"172",2802.5,2803.5,2801.75,2802.75
"173",2803,2804.75,2802.5,2803.5
"174",2803.75,2805,2802.25,2802.75
"175",2803,2804,2801.5,2804
"176",2804,2804.25,2801.25,2802
"177",2801.75,2802.25,2799.75,2801.25
"178",2801.25,2802.75,2796.75,2796.75
"179",2797,2801.25,2796.75,2800.25
"180",2800,2800.25,2795,2796.25
"181",2796.5,2797.5,2795.5,2797
"182",2797,2797,2795,2795
"183",2795.25,2796,2794.75,2795.5
"184",2795.75,2796,2791.5,2793.25
"185",2793,2793.5,2792.25,2792.5
"186",2792.5,2793.75,2792.25,2792.75
"187",2792.75,2794.5,2792.75,2794.5
"188",2794.5,2795.5,2794.25,2794.5
"189",2794.5,2795.75,2793.25,2793.5
"190",2793.25,2794.5,2793,2794
"191",2794,2794.5,2792.25,2792.5
"192",2792.25,2793.75,2792.25,2793.75
"193",2793.75,2794.25,2789.25,2790
"194",2790,2790,2786.25,2787.75
"195",2788,2788.75,2786.5,2787.25
"196",2787.25,2788.25,2786,2788
"197",2788,2788.25,2785,2785.75
"198",2785.75,2786.25,2783.75,2784.5
"199",2784.25,2785.25,2783.25,2785
"200",2784.75,2786.25,2784.75,2785.25
"201",2785.25,2786.5,2785.25,2786.25
"202",2786,2787,2785.5,2786
"203",2786,2787,2785.75,2786.5
"204",2786.75,2787,2784.75,2785
"205",2785,2786.5,2784.25,2786.25
"206",2786.25,2786.75,2785.75,2786.75
"207",2786.75,2787,2786.25,2786.75
"208",2786.75,2788,2786.25,2787.5
"209",2787.5,2788.75,2787.25,2787.5
"210",2787.75,2788.25,2786.5,2787
"211",2787,2788,2786.5,2787.25
"212",2787.25,2788.75,2787.25,2788.5
"213",2788.5,2789.25,2787.5,2787.75
"214",2787.5,2788,2786.75,2787.5
"215",2787.25,2787.75,2786.5,2787.5
"216",2787.25,2788.75,2787,2788
"217",2788.25,2789.5,2788,2789
"218",2789,2790.25,2788.75,2789.75
"219",2789.75,2790.5,2789.25,2790
"220",2790.25,2790.5,2788.5,2788.75
"221",2789,2791,2788.5,2790.5
"222",2790.75,2791.5,2790.5,2791
"223",2791.25,2791.5,2788.5,2789.25
"224",2789.25,2790.25,2788.75,2790
"225",2790,2790,2785,2785.5
"226",2785.5,2788.5,2785,2788.25
"227",2788.25,2790.75,2788,2790.25
"228",2790.25,2790.75,2789.25,2790.25
"229",2790.25,2790.25,2789,2789.5
"230",2789.5,2791,2789.25,2791
"231",2791,2792,2790.75,2791.5
"232",2791.5,2792,2789.5,2791.25
"233",2791.25,2792,2789,2789.25
"234",2789.25,2789.5,2787.5,2789.25
"235",2789,2791.25,2788.75,2791
"236",2791,2791.75,2790.25,2791.25
"237",2791.25,2793.25,2790.75,2793
"238",2793,2793.25,2792,2792.25
"239",2792.25,2793,2791.5,2792.25
"240",2792.25,2792.5,2790.5,2791
"241",2791,2792.5,2790.75,2792
"242",2792,2792.5,2789.5,2790.25
"243",2790,2790.5,2788,2788.5
"244",2788.5,2792.25,2788.5,2791.75
"245",2791.75,2791.75,2790.75,2791.5
"246",2791.25,2795,2790,2793
"247",2793.25,2795,2790,2793.25
"248",2793.5,2800,2792.5,2797.5
"249",2797.5,2800.25,2796.75,2797
"250",2797,2799.25,2796.25,2797
"251",2797,2798.25,2790.25,2790.25
"252",2790.5,2800.25,2789.5,2799.75
"253",2799.75,2802.25,2798.5,2800.25
"254",2800.5,2803.25,2796.5,2797.75
"255",2797.5,2800,2796.75,2797.5
"256",2797.75,2798.25,2795.25,2796.5
"257",2796.5,2799,2796.5,2796.75
"258",2796.75,2797.5,2793.25,2795.25
"259",2795.25,2795.5,2793,2793.75
"260",2793.75,2796.25,2793,2795.25
"261",2795.5,2797,2795.25,2795.25
"262",2795.5,2795.75,2793.25,2794.5
"263",2794.5,2796,2794,2795
"264",2795,2797.5,2795,2796
"265",2796.25,2796.5,2793.75,2795.25
"266",2795.25,2800,2795,2798.5
"267",2798.5,2800.75,2798.5,2799.75
"268",2800,2802.75,2799.75,2800.5
"269",2800.75,2803.5,2799.5,2799.75
"270",2799.75,2802,2797.5,2797.75
"271",2797.5,2798.25,2793.25,2794
"272",2793.75,2794.5,2791,2791.5
"273",2791.5,2791.75,2790.25,2791
"274",2791,2791.5,2788.75,2789
"275",2788,2789,2786.5,2788.75
"276",2788.75,2790.25,2788.5,2789.75
"277",2790,2791.25,2788.75,2789.75
"278",2789.75,2790,2788.5,2788.75
"279",2789,2790.25,2788.75,2790
"280",2790,2791.25,2789.75,2790.25
"281",2790.25,2790.75,2789.75,2789.75
"282",2789.75,2793,2789.75,2791.5
"283",2791.25,2791.5,2788.75,2790.25
"284",2790.25,2790.5,2789,2790.25
"285",2790,2790.5,2789.25,2790
"286",2790,2791.25,2789.75,2790.75
"287",2790.75,2791.5,2790.25,2791
"288",2791.25,2793.25,2790.75,2792.75
"289",2792.75,2793,2792,2792.25
"290",2792.5,2792.75,2791.25,2791.75
"291",2791.75,2792,2790.75,2791.25
"292",2791,2791,2787.75,2788.5
"293",2788.25,2788.5,2783.5,2784.5
"294",2784.5,2786,2784.25,2785.5
"295",2785.5,2786.5,2784,2785
"296",2785.25,2785.75,2782.75,2784.75
"297",2784.75,2786.5,2784.75,2785.25
"298",2785,2786.5,2785,2785.5
"299",2785.75,2787.25,2784.75,2786.25
"300",2786.25,2786.5,2784.5,2784.5
"301",2784.5,2786,2783.75,2785
"302",2785,2785.25,2780.5,2781.25
"303",2781.25,2783,2780.75,2781.25
"304",2781.5,2783.5,2781,2783.25
"305",2783.25,2783.75,2781.5,2781.5
"306",2781.75,2783.25,2781.25,2783.25
"307",2783.25,2783.25,2782,2783
"308",2783.25,2783.75,2782.5,2783.75
"309",2783.75,2785.75,2783,2785.75
"310",2785.5,2786,2784.75,2785.25
"311",2785.25,2785.75,2784.5,2785
"312",2785.25,2785.75,2784.5,2784.5
"313",2784.5,2786,2784.25,2785
"314",2784.75,2785.5,2784.5,2785
"315",2784.75,2787.25,2784.5,2786.25
"316",2786.25,2786.5,2785.25,2786.25
"317",2786.5,2787.25,2786.25,2787
"318",2786.75,2787.5,2786,2786
"319",2786,2786.25,2783.75,2786
"320",2786,2786.75,2784.75,2786
"321",2786,2787.75,2785.25,2786.5
"322",2786.75,2787.25,2785,2785
"323",2785.25,2787.5,2785,2787.25
"324",2787.25,2787.25,2784.75,2785.5
"325",2785.5,2792.5,2785.5,2791.5
"326",2791.5,2792.25,2786,2787.75
"327",2787.5,2789,2776.5,2779.5
"328",2779.5,2782.25,2775,2778.5
"329",2778.5,2783.5,2776.75,2782.75
"330",2782.75,2783.25,2779.25,2781.25
"331",2781,2784.75,2780,2783
"332",2783.25,2786.75,2781.25,2785.25
"333",2785.25,2787.25,2784.25,2786
"334",2785.75,2788.25,2784.75,2786.75
"335",2787,2789,2786.5,2789
"336",2789,2790.25,2787.75,2789
"337",2789.25,2791,2789.25,2789.75
"338",2789.5,2790.5,2788.5,2789
"339",2789,2793,2789,2793
"340",2793,2795,2792.25,2793.25
"341",2793.25,2793.75,2790.25,2790.75
"342",2790.5,2793,2790.25,2792
"343",2792.25,2794,2790.75,2793.75
"344",2793.5,2794.5,2792,2792.75
"345",2792.75,2796.25,2792.5,2794.25
"346",2794.5,2794.75,2791.75,2793.25
"347",2793.25,2795.75,2792,2794.25
"348",2794,2795,2791,2791.25
"349",2791.25,2793.75,2790.5,2791
"350",2791.25,2792.75,2789.25,2792.75
"351",2792.5,2795.5,2791.75,2795
"352",2795,2797.25,2794.75,2796.75
"353",2796.75,2797,2796.25,2796.5
"354",2795.25,2795.75,2794,2795.5
"355",2795.25,2795.75,2794,2794.75
"356",2794.75,2795,2793.75,2794.75
"357",2794.75,2795,2793.75,2794.75
"358",2794.75,2794.75,2791.75,2792.25
"359",2792.25,2793,2791.25,2792.5
"360",2792.25,2793.25,2791,2791.5
"361",2791.5,2792.25,2790.75,2791
"362",2791,2793,2790,2792.25
"363",2792.5,2793,2790.75,2791.25
"364",2791.25,2792.75,2791.25,2791.75
"365",2791.75,2793.75,2791.5,2793.75
"366",2793.5,2793.75,2792.25,2793.75
"367",2793.75,2794.5,2793.25,2794.25
"368",2794.25,2794.25,2792.25,2793.25
"369",2793.5,2794.25,2792.25,2792.75
"370",2792.75,2793,2792,2792
"371",2792,2792.5,2791.25,2791.75
"372",2792,2792.25,2791.5,2792
"373",2791.75,2792.5,2791.75,2792.5
"374",2792.5,2792.75,2791.5,2791.5
"375",2791.75,2791.75,2791,2791.25
"376",2791.25,2791.5,2791,2791.5
"377",2791.5,2791.75,2791.25,2791.25
"378",2791.25,2791.75,2791,2791.75
"379",2791.75,2792,2790.75,2791
"380",2791,2791,2790,2790
"381",2790.25,2790.25,2786.5,2786.5
"382",2786.5,2788.5,2786.5,2787
"383",2787,2787,2783.75,2785
"384",2784.75,2786,2784,2785.25
"385",2785.5,2786,2784.75,2785
"386",2785,2786.5,2781.75,2784.25
"387",2784.25,2785,2783,2784
"388",2783.75,2784.5,2782.5,2784.25
"389",2784,2784.25,2782.5,2782.75
"390",2782.75,2784.25,2781.75,2784.25
"391",2784.25,2785.25,2783,2784.75
"392",2784.5,2786.5,2784.5,2786.5
"393",2786.5,2787,2785.5,2786.5
"394",2786.75,2787.5,2786.25,2787.25
"395",2787.25,2788,2786.25,2787.25
"396",2787,2788.25,2786,2787.5
"397",2787.5,2788.25,2787,2787.5
"398",2787.5,2787.5,2785.75,2786.25
"399",2786.25,2786.75,2785.5,2786.75
"400",2786.75,2787.5,2786.75,2787.25
"401",2787.25,2787.75,2786.75,2786.75
"402",2786.75,2787.25,2785.75,2786.75
"403",2787,2788.75,2787,2787.75
"404",2787.75,2788,2786.5,2787
"405",2786.75,2788.25,2786.75,2788
"406",2788.25,2788.75,2786.75,2787.5
"407",2787.25,2789.25,2787,2788.5
"408",2788.5,2791.25,2787.5,2790.75
"409",2790.5,2791,2789.25,2790
"410",2790,2790.5,2788.25,2788.5
"411",2788.5,2789,2787.25,2788.75
"412",2788.75,2792.5,2788.5,2791.5
"413",2791.5,2791.5,2789.25,2790.25
"414",2790.25,2790.75,2788.75,2790
"415",2790,2790.25,2788.5,2789.25
"416",2789.25,2791.25,2786.75,2790.25
"417",2790.5,2793.25,2789.75,2790.5
"418",2790.5,2790.5,2784.25,2787.75
"419",2787.5,2789.25,2784.25,2787
"420",2787,2790.5,2786.25,2786.75
"421",2786.75,2788.25,2783.5,2786.75
"422",2786.5,2788,2783.75,2785.5
"423",2785.25,2790.5,2785,2788.75
"424",2788.75,2792.5,2788.25,2790.75
"425",2791,2792.5,2790,2790.25
"426",2790.5,2791.25,2789.5,2790.5
"427",2790.5,2794.25,2790,2793.25
"428",2793.25,2793.5,2791.75,2792
"429",2792.25,2793.75,2791.25,2793.75
"430",2793.75,2794,2791,2791.5
"431",2791.5,2792.5,2790.25,2790.75
"432",2790.75,2793,2790.75,2791.75
"433",2791.75,2792.25,2789.75,2791
"434",2791.25,2792.5,2789,2790
"435",2790.25,2791.75,2789,2791.5
"436",2791.5,2791.5,2787.25,2788.5
"437",2788.5,2789.25,2786.25,2788
"438",2788,2789.5,2787.25,2788
"439",2788,2789.5,2786.5,2788.75
"440",2789,2791.75,2787,2787
"441",2787,2787.75,2782.75,2784.75
"442",2784.75,2789.75,2784.5,2789
"443",2788.75,2789.5,2787.5,2788.5
"444",2788.5,2789,2786.75,2787
"445",2785.25,2786.5,2784.25,2785
"446",2785,2785,2783,2784.5
"447",2784.5,2786.25,2784.5,2786
"448",2786,2786,2785,2785.25
"449",2785.25,2787.5,2785,2786.5
"450",2786.5,2787,2785.75,2786.75
"451",2786.75,2787.75,2786.5,2787.25
"452",2787.25,2788.25,2786.75,2787.5
"453",2787.5,2792,2787.5,2791
"454",2791.25,2792,2789.75,2790.25
"455",2790.25,2793.5,2789.25,2793
"456",2793,2795.5,2791.5,2792.25
"457",2792.25,2792.75,2791.25,2792.25
"458",2792.5,2792.75,2791.25,2791.75
"459",2792,2793.5,2792,2793.25
"460",2793.5,2794.75,2792.75,2794.75
"461",2794.5,2798.5,2794.25,2796.5
"462",2796.75,2797.25,2796,2797
"463",2796.75,2797.75,2796.25,2797.25
"464",2797,2797.25,2796.5,2796.75
"465",2796.75,2797,2795.75,2796
"466",2796.25,2796.75,2796,2796
"467",2796,2796.75,2795.75,2796.5
"468",2796.5,2796.75,2795,2795.5
"469",2795.75,2796,2795,2795.5
"470",2795.5,2796.75,2795.25,2796.25
"471",2796.5,2796.75,2796,2796
"472",2796,2797,2796,2796.5
"473",2796.5,2797.5,2796,2796.75
"474",2796.75,2797.25,2796.5,2797
"475",2797.25,2798.5,2796.5,2797.75
"476",2797.75,2798.25,2797.25,2797.75
"477",2798,2798.25,2797.25,2797.75
"478",2798,2798.5,2797.25,2797.5
"479",2797.25,2797.5,2796,2796.75
"480",2797,2798.25,2796.75,2798.25
"481",2798.25,2798.25,2795.5,2795.75
"482",2795.75,2797.25,2795.25,2796.5
"483",2796.5,2798,2796.25,2798
"484",2798.25,2801.5,2798,2800.5
"485",2800.75,2801.5,2800,2800.75
"486",2801,2801.75,2800.5,2801.75
"487",2801.75,2802.5,2801.25,2801.5
"488",2801.5,2802,2800,2800.5
"489",2800.75,2801.25,2800,2800.25
"490",2800.5,2801.25,2800,2801
"491",2801,2801.25,2799.5,2800.75
"492",2800.5,2801.5,2800.5,2801
"493",2801,2801.25,2800,2801
"494",2800.75,2801.5,2800.5,2801
"495",2801.25,2801.75,2801,2801.5
"496",2801.5,2802.25,2801.5,2802
"497",2801.75,2803.25,2801.5,2802
"498",2802,2802.5,2801.25,2801.75
"499",2801.75,2803,2801.5,2802.5
"500",2802.5,2803.25,2801.75,2802.5
"501",2802.25,2803.25,2801.5,2802.25
"502",2802,2802,2799.75,2800.25
"503",2800.25,2801.75,2799.75,2800
"504",2800.25,2801.25,2799.75,2801
"505",2801,2801.5,2800.5,2800.75
"506",2801,2804.5,2800.75,2804
"507",2803.75,2808,2803.5,2807
"508",2807,2808.25,2806.25,2807.25
"509",2806,2806.75,2801.5,2801.75
"510",2802,2802,2795,2796.75
"511",2797,2798.75,2794.5,2798.75
"512",2798.75,2798.75,2795.5,2797.5
"513",2797.5,2798.75,2792.25,2793.75
"514",2793.75,2795.25,2791.75,2793.25
"515",2793.25,2794.75,2791.25,2792.5
"516",2792.5,2793.5,2787.5,2790.5
"517",2790.25,2792.75,2789.75,2792.5
"518",2792.75,2794.75,2791.75,2794.5
"519",2794.5,2795.5,2793.25,2795.25
"520",2795,2797,2794.5,2796.25
"521",2796.25,2798.25,2795.5,2798.25
"522",2798,2798.25,2796,2796.5
"523",2796.25,2798,2796.25,2797.5
"524",2797.75,2798.25,2796.5,2796.75
"525",2796.75,2799,2796.25,2798.75
"526",2798.75,2803.75,2798.25,2803.75
"527",2803.75,2804,2802.25,2803.5
"528",2803.75,2803.75,2801,2802.75
"529",2802.75,2803,2800.75,2801.25
"530",2801.25,2802.25,2800,2802
"531",2802,2806.5,2800.75,2806.25
"532",2806.25,2807,2802.75,2804.5
"533",2804.25,2805.5,2803.25,2805.25
"534",2805.25,2805.25,2805.25,2805.25
"535",2805.25,2807,2805.25,2806.25
"536",2806.5,2807.5,2806,2807
"537",2814,2819.75,2811.75,2818.25
"538",2818.25,2819,2817.25,2817.25
"539",2817.5,2817.75,2817,2817
"540",2817,2817.75,2816.75,2817.5
"541",2817.5,2817.5,2815.75,2816.25
"542",2816.25,2816.75,2815.25,2816.5
"543",2816.25,2816.5,2815,2815.25
"544",2815.25,2816.75,2815.25,2816.5
"545",2816.5,2816.5,2815,2815.25
"546",2815,2816,2814.25,2816
"547",2816,2816.5,2814.5,2815.75
"548",2815.75,2816.25,2815.25,2816.25
"549",2816.25,2816.5,2815.25,2816
"550",2816,2817.25,2816,2816.75
"551",2816.75,2817,2815.75,2816.75
"552",2816.75,2817.25,2816.25,2817
"553",2817.25,2817.75,2816.75,2817.5
"554",2817.5,2817.75,2817.25,2817.75
"555",2817.5,2818.25,2817.25,2818.25
"556",2818.25,2818.5,2817.75,2818
"557",2818,2818,2817.25,2817.75
"558",2817.5,2817.75,2817.25,2817.5
"559",2817.5,2817.5,2817,2817
"560",2817.25,2817.5,2817,2817.25
"561",2817.25,2818,2816,2816.5
"562",2816.5,2817,2815.5,2816.75
"563",2816.5,2816.5,2815.5,2816
"564",2816,2816.5,2815.75,2816
"565",2816,2816.25,2814.25,2814.75
"566",2814.5,2815.25,2814,2815
"567",2815.25,2816.25,2814.25,2816
"568",2816,2817,2816,2816.5
"569",2816.75,2816.75,2814.75,2816
"570",2815.75,2816.25,2814,2814.5
"571",2814.75,2814.75,2813.25,2814
"572",2814,2814.75,2813.75,2814.5
"573",2814.75,2815.25,2812.25,2812.5
"574",2812.5,2813.75,2811.5,2813.5
"575",2813.75,2814.25,2812.5,2813.75
"576",2813.75,2815.75,2813.25,2815.5
"577",2815.25,2815.75,2814.5,2814.75
"578",2814.75,2815.25,2813.5,2813.5
"579",2813.5,2814,2811.5,2812
"580",2812,2812.5,2810.25,2810.25
"581",2810.25,2811.75,2809.5,2811.75
"582",2811.5,2812.5,2810.5,2811.75
"583",2811.5,2812.75,2811.25,2811.5
"584",2811.5,2811.75,2810.5,2811
"585",2811,2811.75,2810,2811.5
"586",2811.75,2812.5,2811,2812
"587",2812.25,2812.75,2812,2812.5
"588",2812.5,2813,2811.5,2812.5
"589",2812.25,2813.5,2812.25,2813.25
"590",2813.25,2813.75,2813,2813.5
"591",2813.5,2813.75,2812.5,2813.75
"592",2813.5,2813.75,2812.75,2813
"593",2813,2814.75,2812.5,2813.75
"594",2813.75,2815,2813.25,2814.5
"595",2814.5,2815.5,2814.25,2815.25
"596",2815,2815.25,2814,2814.75
"597",2815,2816,2815,2815.5
"598",2815.75,2815.75,2814,2815.5
"599",2815.5,2818,2814.25,2817.25
"600",2817.25,2817.5,2811.5,2815.5
"601",2815.25,2816.25,2809,2811.5
"602",2811.5,2815.25,2811,2814.75
"603",2814.75,2815.5,2809.25,2811
"604",2811,2812.25,2805.75,2806
"605",2806,2807,2800,2802.25
"606",2802.25,2803.75,2794.5,2795
"607",2794.75,2795.75,2785,2785.75
"608",2785.75,2787,2775.5,2778.75
"609",2778.75,2783.5,2776.5,2777
"610",2777,2778.25,2769.5,2776
"611",2776,2778.5,2771,2771.75
"612",2771.75,2775,2768,2773
"613",2773,2773,2767.5,2770
"614",2770,2779.5,2769.5,2778.75
"615",2778.75,2781.5,2777,2781
"616",2781,2784.75,2779,2784
"617",2784,2785.25,2781.25,2783
"618",2783.25,2788.75,2782.25,2788
"619",2788,2788.75,2785.5,2788
"620",2788,2789.75,2785.5,2786.25
"621",2786,2787.25,2783,2784.25
"622",2784.25,2788.75,2783,2786.5
"623",2786.5,2791.75,2785.25,2791
"624",2790.75,2794.5,2788,2793.25
"625",2793.25,2793.75,2791,2791.5
"626",2791.75,2792,2790.75,2792
"627",2791.75,2791.75,2791,2791.25
"628",2790.5,2791,2787.75,2789
"629",2789,2790,2789,2789
"630",2789.25,2790.5,2789,2790.25
"631",2790.25,2790.75,2788.25,2790.75
"632",2791,2792.25,2788,2790.25
"633",2790,2792,2789.75,2791
"634",2791,2792.5,2791,2791.5
"635",2791.5,2791.5,2789.75,2789.75
"636",2790,2791.5,2789.25,2791.25
"637",2791.25,2791.75,2788.5,2789.25
"638",2789.25,2790,2788,2788.25
"639",2788,2788,2785.25,2785.75
"640",2785.75,2787.5,2785.75,2787
"641",2787,2788,2786.75,2787.75
"642",2787.75,2789.5,2787,2788.75
"643",2788.75,2790.75,2788.75,2790.25
"644",2790.25,2793,2788.75,2789.75
"645",2789.75,2790.25,2788.5,2789.75
"646",2789.5,2790.5,2788.75,2789.5
"647",2789.25,2792.5,2789.25,2791
"648",2791,2791.5,2790.25,2790.75
"649",2790.75,2791,2790,2790.5
"650",2790.5,2790.75,2789.75,2790.75
"651",2790.75,2791,2790,2790.25
"652",2790.25,2790.25,2789.25,2790.25
"653",2790,2791,2790,2791
"654",2791,2791.5,2790,2790.5
"655",2790.5,2791.5,2790,2791.25
"656",2791.25,2792.5,2791.25,2792.25
"657",2792,2793.75,2791.75,2793
"658",2793,2793.25,2792,2792.75
"659",2792.75,2793,2792.25,2792.75
"660",2793,2794.75,2793,2793.5
"661",2793.75,2793.75,2792.25,2792.5
"662",2792.5,2792.75,2791.5,2792.75
"663",2792.5,2794,2791.75,2793.75
"664",2793.75,2794.5,2792.25,2794
"665",2794,2794.75,2793.75,2794.25
"666",2794,2796.25,2794,2795.75
"667",2796,2798.5,2796,2797.5
"668",2797.75,2797.75,2796.5,2796.75
"669",2797,2798.75,2796.5,2798.5
"670",2798.75,2799,2796.5,2797
"671",2797.25,2798.5,2796.5,2797.75
"672",2797.75,2798.25,2796.5,2796.75
"673",2796.5,2796.5,2794.75,2796
"674",2796,2796.75,2795,2795.25
"675",2795.25,2796.25,2794.5,2795.75
"676",2795.75,2796,2794,2794.5
"677",2794.75,2795.25,2793.75,2794.75
"678",2795,2795.75,2794.5,2795
"679",2795,2796.25,2794.5,2796.25
"680",2796,2796.5,2793,2793.5
"681",2793.5,2794,2792,2793.75
"682",2793.75,2794,2792.25,2793.25
"683",2793,2793.25,2790.75,2791.75
"684",2792,2794.75,2791.75,2794.5
"685",2794.5,2795.25,2793.75,2794.75
"686",2794.75,2796.5,2794.5,2795.75
"687",2795.75,2796.25,2792.75,2793
"688",2793,2795.25,2792,2793.75
"689",2794,2795.25,2793.5,2794.75
"690",2795,2795,2788.75,2788.75
"691",2788.75,2789.25,2783.25,2787.5
"692",2787.75,2793.5,2787.25,2788.75
"693",2789,2789.75,2784.5,2787.25
"694",2787,2791.75,2786.5,2788.25
"695",2788,2790.5,2785.25,2787.5
"696",2787.75,2792.5,2786,2791.25
"697",2791.25,2793.5,2791,2792
"698",2792.25,2796,2791.25,2795.5
"699",2795.25,2795.75,2790.25,2792
"700",2792,2793.25,2791.25,2792
"701",2791.75,2792,2789.75,2791
"702",2791,2792,2789.75,2791
"703",2791,2792.5,2790,2792.5
"704",2792.5,2795.25,2792,2795.25
"705",2795.25,2795.25,2788.5,2788.75
"706",2788.75,2790.5,2787.75,2788.5
"707",2788.75,2791.25,2788,2790.5
"708",2790.5,2793,2790.25,2791.5
"709",2791.5,2793.75,2791.5,2793.5
"710",2793.5,2794.5,2791.75,2793.75
"711",2793.75,2796,2793,2795.5
"712",2795.5,2796,2792,2792.5
"713",2792.5,2793.75,2791.75,2792.5
"714",2792.25,2795.25,2791.75,2794.75
"715",2794.75,2796.75,2789.75,2789.75
"716",2789.75,2792,2789,2791.25
"717",2791.5,2791.5,2791.5,2791.5
"718",2791.25,2791.25,2790.5,2790.5
"719",2790.75,2791.5,2788.25,2788.75
"720",2786.5,2787.5,2784.5,2786.75
"721",2786.75,2788,2786.75,2787.5
"722",2787.5,2788.5,2787,2787.25
"723",2787.25,2787.25,2785.75,2786.5
"724",2786.5,2786.75,2784.5,2785.25
"725",2785.25,2786.5,2784.75,2786
"726",2786.25,2786.25,2784,2785
"727",2785,2785.75,2784.75,2785.75
"728",2785.75,2786,2784.5,2784.5
"729",2784.5,2784.75,2783.5,2783.75
"730",2783.5,2785.5,2782.25,2785.25
"731",2785.25,2787,2784.25,2784.5
"732",2784.5,2785.75,2784.25,2784.5
"733",2784.5,2786,2784.5,2786
"734",2786,2788,2785.25,2786.25
"735",2786.25,2786.5,2784,2784.75
"736",2784.75,2785.25,2783.75,2785
"737",2784.75,2785.5,2784.75,2785.25
"738",2785.25,2785.75,2784.5,2784.5
"739",2784.5,2785,2782.5,2782.75
"740",2782.75,2783.5,2781.5,2782.5
"741",2782.75,2783.25,2782.25,2782.75
"742",2783,2783.75,2782.5,2783.25
"743",2783.5,2783.75,2783.25,2783.25
"744",2783.5,2784.5,2783.25,2784.25
"745",2784.25,2785.75,2784.25,2785.75
"746",2785.5,2785.75,2785,2785.5
"747",2785.5,2785.75,2783.75,2784.5
"748",2784.25,2784.25,2783,2783.5
"749",2783.5,2784.25,2783.25,2784
"750",2784,2785.5,2784,2785.25
"751",2785,2787,2785,2786.25
"752",2786.5,2787,2785.25,2786.25
"753",2786.25,2786.25,2785.25,2786
"754",2786,2786.75,2784.75,2786.75
"755",2787,2787,2786,2786.25
"756",2786.25,2789,2785.25,2787.75
"757",2787.75,2788,2785.75,2786
"758",2786,2787.25,2785.5,2786.5
"759",2786.5,2787.5,2785.25,2786
"760",2786,2786.5,2785.25,2786
"761",2786,2788,2786,2787.5
"762",2787.5,2788.25,2787,2787.25
"763",2787.25,2787.5,2786.25,2786.5
"764",2786.25,2786.75,2785.5,2786
"765",2786,2787.25,2785.75,2787.25
"766",2787.25,2787.5,2786.5,2787
"767",2787,2787.25,2786.5,2787
"768",2787,2788.25,2786.75,2788.25
"769",2788,2788.75,2787.75,2788
"770",2787.75,2788,2787.25,2787.5
"771",2787.5,2788.5,2787.25,2788.5
"772",2788.75,2788.75,2787.25,2787.5
"773",2787.75,2787.75,2786.25,2786.25
"774",2786.25,2786.75,2786,2786.25
"775",2786.5,2787,2785.25,2785.75
"776",2785.75,2786,2784.75,2786
"777",2786,2786.5,2784.75,2785
"778",2785,2789.5,2784.25,2788.5
"779",2788.75,2790,2787.5,2789
"780",2789,2791.5,2788.75,2791.25
"781",2791.25,2792.75,2790,2790.25
"782",2790.25,2790.75,2785.75,2787
"783",2787,2787.5,2781.25,2784.5
"784",2784.5,2786.5,2782.25,2784.5
"785",2784.5,2786,2778.75,2779.25
"786",2779.25,2781,2775.5,2778.25
"787",2778.25,2782,2777.25,2780.25
"788",2780.25,2783.75,2779.25,2782.75
"789",2783,2784.25,2778,2779.5
"790",2779.25,2780.75,2775.75,2775.75
"791",2775.75,2779,2772.25,2775
"792",2774.75,2780.25,2774.25,2778
"793",2777.75,2779.25,2772,2773.25
"794",2773,2777,2773,2774.5
"795",2774.25,2775.25,2771,2771.5
"796",2771.25,2772.5,2769.5,2771
"797",2771,2773.25,2769.5,2770.75
"798",2770.75,2776.5,2770.75,2774.5
"799",2774.75,2777.5,2771.75,2777
"800",2777,2778.5,2775.25,2777.5
"801",2777.5,2778.75,2775.75,2776.5
"802",2776.25,2777.5,2773.25,2774
"803",2773.75,2777,2773,2774.5
"804",2774.5,2776.75,2771,2771
"805",2771,2772,2768.5,2771.25
"806",2771.25,2776,2770.75,2775.5
"807",2775.5,2775.5,2771.5,2771.75
"808",2772,2774.5,2770.75,2771.25
"809",2770.75,2771.5,2770,2770.5
"810",2770.75,2772,2770,2771
"811",2770.5,2771.5,2769.5,2770.5
"812",2770.5,2771,2769.5,2770.75
"813",2771,2771.5,2770.5,2771.5
"814",2771.5,2771.5,2766.25,2768
"815",2768,2768.5,2766.25,2767.75
"816",2767.5,2767.75,2765.5,2767
"817",2766.75,2768.25,2765.5,2767.5
"818",2767.25,2767.75,2766,2766.5
"819",2766.25,2768.75,2766.25,2768.5
"820",2768.5,2769.25,2766.75,2767.5
"821",2767.75,2769,2766,2767
"822",2767,2768.5,2766.5,2767.5
"823",2767.25,2769.25,2767.25,2768.75
"824",2768.75,2770,2768.5,2768.75
"825",2769,2769,2767.75,2768.25
"826",2768,2768.75,2767.25,2768.25
"827",2768.5,2768.5,2766.25,2768.25
"828",2768.25,2769,2768,2768.25
"829",2768,2768.75,2767.25,2767.25
"830",2767.25,2767.75,2767,2767.5
"831",2767.5,2768,2767.25,2767.75
"832",2767.75,2768,2767.25,2767.5
"833",2767.5,2767.5,2766.5,2766.75
"834",2767,2767,2766.25,2766.5
"835",2766.75,2766.75,2765.5,2766.25
"836",2766.25,2766.25,2765.25,2765.5
"837",2765.75,2766,2765.25,2766
"838",2766,2766.5,2765.25,2765.5
"839",2765.75,2766.5,2765.25,2765.75
"840",2765.75,2766.25,2765.5,2765.75
"841",2765.75,2766.5,2765.75,2766
"842",2766,2766.25,2765.25,2765.5
"843",2765.5,2766,2763.25,2764.25
"844",2764,2764.25,2762.25,2762.25
"845",2762.25,2762.75,2761.5,2762
"846",2762,2763.75,2762,2763.5
"847",2763.25,2764.5,2763,2764
"848",2764,2765,2762.5,2762.5
"849",2762.5,2764.5,2762.5,2764
"850",2764,2764.75,2763.25,2764.5
"851",2764.5,2765.25,2763.75,2764.75
"852",2765,2765.25,2764,2764.25
"853",2764.25,2765.5,2764.25,2765
"854",2765.25,2765.25,2764.25,2764.25
"855",2764.25,2766,2764.25,2765
"856",2765,2765.25,2763.5,2765
"857",2765,2765.25,2764.25,2764.75
"858",2764.5,2765.75,2764.25,2765.75
"859",2765.75,2766,2764.5,2765.25
"860",2765,2766.5,2765,2766.25
"861",2766,2766.25,2765.25,2765.25
"862",2765.25,2765.5,2763.5,2764.25
"863",2764.25,2767.75,2764,2767.75
"864",2767.75,2768,2767,2767.25
"865",2767.25,2767.25,2766.5,2767.25
"866",2767.25,2773.25,2767.25,2773
"867",2773,2775.5,2771,2774.25
"868",2774.25,2775.5,2772.75,2774.5
"869",2774.5,2776.25,2772.75,2775.5
"870",2775.5,2775.5,2768.25,2769.25
"871",2769.25,2771.75,2767.25,2768.5
"872",2768.5,2769.75,2765.75,2766
"873",2766.25,2767.75,2756.25,2757.25
"874",2757,2757,2745.25,2750.5
"875",2750.75,2751.75,2746.5,2748
"876",2748,2749.25,2741.75,2748.75
"877",2748.75,2751.25,2744.5,2745
"878",2745,2753,2745,2750.75
"879",2751,2752.25,2746.75,2751.25
"880",2751.25,2752,2746.25,2751.25
"881",2751.5,2757,2751.5,2756
"882",2755.75,2757,2752.25,2753.25
"883",2753,2755.25,2750.75,2754
"884",2753.75,2755.25,2751,2753.5
"885",2753.5,2756.75,2748.75,2756
"886",2755.75,2761.25,2755,2759.75
"887",2759.5,2760.25,2756.75,2758.75
"888",2758.5,2759.75,2756,2757.5
"889",2757.5,2757.5,2752.75,2755.5
"890",2755.75,2757.75,2753.25,2753.25
"891",2753.5,2755.25,2748,2748.5
"892",2748.25,2750.25,2747,2749.75
"893",2749.75,2750.5,2743.75,2746
"894",2746,2746.25,2740.5,2742.25
"895",2742.25,2743.75,2738.5,2742
"896",2742,2747.5,2741.75,2742.25
"897",2742.25,2748.5,2742,2745.75
"898",2746,2750,2742.25,2748.75
"899",2749,2751.25,2748.75,2750
"900",2749.75,2750.75,2749,2749.25
"901",2749.25,2750.75,2749,2749.5
"902",2749,2749.5,2748,2748.75
"903",2749,2749.25,2748.75,2749
"904",2749,2749.75,2748.75,2749.75
"905",2749.75,2751.25,2749.75,2751.25
"906",2751,2751.5,2747.5,2748.5
"907",2748.5,2750.5,2748.5,2749.25
"908",2749.25,2750,2748,2748.25
"909",2748.5,2748.5,2745.25,2745.25
"910",2745.25,2746,2744,2745.25
"911",2745.25,2746.25,2744.5,2744.5
"912",2744.75,2747.25,2743.25,2746.75
"913",2746.75,2748.25,2746.5,2748
"914",2748,2748.25,2746,2747.5
"915",2747.25,2749.75,2747.25,2749.5
"916",2749.75,2750.5,2749.25,2750
"917",2750,2750.25,2748.25,2748.5
"918",2748.5,2748.75,2747.25,2748.25
"919",2748,2749.25,2745.25,2747
"920",2746.75,2747.75,2745.75,2746
"921",2746,2746.5,2745.25,2745.75
"922",2745.75,2746,2744.5,2744.75
"923",2744.75,2745,2742.5,2742.5
"924",2742.5,2744.5,2742.25,2744.5
"925",2744.5,2744.75,2743.5,2743.75
"926",2743.5,2745,2743,2744.25
"927",2744.25,2744.5,2742,2743
"928",2742.75,2743.5,2741.5,2742.25
"929",2742.25,2742.75,2741.5,2742.75
"930",2743,2743.5,2741.25,2741.5
"931",2741.5,2741.5,2738.75,2739.5
"932",2739.5,2740.5,2739,2740.25
"933",2740.25,2740.75,2739.75,2740.25
"934",2740.25,2741,2736.75,2737
"935",2737,2738.5,2736.75,2737.5
"936",2737.75,2738.75,2736.5,2737
"937",2737,2738.5,2736,2736.25
"938",2736.25,2741,2736.25,2739.5
"939",2739.5,2741.75,2738.75,2741.25
"940",2741.25,2742.75,2740.5,2741
"941",2741,2741.25,2738,2738.5
"942",2738.25,2742.5,2738.25,2742.25
"943",2742.25,2742.5,2740.25,2740.5
"944",2740.5,2742,2738.5,2739
"945",2739,2739.5,2738,2738.75
"946",2738.75,2739,2736.5,2737.5
"947",2737.5,2738,2734.75,2736.5
"948",2736.5,2740,2736.5,2739
"949",2739.25,2740.5,2738.25,2738.25
"950",2738.25,2739.75,2737.75,2739.25
"951",2739.5,2739.75,2738,2738
"952",2738.25,2740.25,2738.25,2739.25
"953",2739.25,2739.75,2736.25,2737
"954",2737,2739.25,2736.75,2738.5
"955",2738.5,2738.75,2737.5,2738.5
"956",2738.5,2739,2736.75,2738
"957",2738.25,2738.5,2735.75,2735.75
"958",2735.75,2737.5,2735.25,2736.25
"959",2736,2740,2735.25,2737.5
"960",2738,2738.75,2726,2728.25
"961",2728.25,2731.25,2727.25,2728
"962",2728,2728,2722.75,2726.25
"963",2726.25,2728.5,2725.5,2727.25
"964",2727.25,2729.25,2723.25,2726
"965",2726,2732.5,2725,2727.5
"966",2727.5,2729.5,2722,2726.5
"967",2726.5,2730,2723.75,2728.5
"968",2728.5,2734.75,2725,2734.25
"969",2734.25,2737,2729.5,2729.75
"970",2730,2732.5,2727.75,2731.5
"971",2731.25,2736.5,2730,2734
"972",2734.25,2736.25,2731,2732
"973",2732,2735.25,2730,2730
"974",2730.25,2730.75,2727.25,2729.5
"975",2729.25,2730,2726.5,2729.5
"976",2729.5,2729.75,2726.25,2726.75
"977",2726.75,2728,2722.75,2723.25
"978",2723.25,2726.5,2722.75,2725.75
"979",2725.5,2725.75,2722.75,2725.5
"980",2725.25,2729.25,2723.75,2727.75
"981",2727.75,2729.5,2727.25,2728
"982",2728,2729.25,2725.5,2727.5
"983",2727.5,2731.75,2727.5,2731
"984",2730.75,2735.25,2730.75,2735
"985",2735,2739.75,2734.25,2736
"986",2736,2739,2733,2734.5
"987",2734.75,2735.25,2731,2731.5
"988",2731.5,2737.5,2730.75,2737.25
"989",2737.5,2744.5,2737,2743.25
"990",2743.25,2745,2742,2744.75
